frame,timestamp,inference_ms,processing_fps,black_pixels,lashing_pixels,messenger_pixels,black_confidence,lashing_confidence,messenger_confidence,bundle_confidence,contact_confidence,bundle_valid,messenger_intensity_mean,messenger_intensity_std,validation_reason,target_state,consecutive_valid_frames,target_found,target_locked,target_x,target_y,target_proximity,stale_frames,stand_found,stand_locked,stand_fresh,stand_confidence,stand_black_support,stand_x,stand_y,stand_proximity,stand_reason,pidnet_roi_x1,pidnet_roi_y1,pidnet_roi_x2,pidnet_roi_y2,mission_state,mission_reason,command_forward,command_right,command_down,command_yaw_rate
0,0.000000,307.382,2.941,0,0,0,0.000000,0.000000,0.000000,0.000000,0.000000,0,0.000,0.000,NO BLACK,NO BUNDLE,0,0,0,,,,0,0,0,0,0.000000,0.000000,,,,WEAK STAND GEOMETRY,,,,,,,,,,
1,0.033333,33.875,4.930,0,0,0,0.000000,0.000000,0.000000,0.000000,0.000000,0,0.000,0.000,NO BLACK,NO BUNDLE,0,0,0,,,,0,0,0,0,0.000000,0.000000,,,,WEAK STAND GEOMETRY,,,,,,,,,,
2,0.066667,37.265,6.585,0,0,0,0.000000,0.000000,0.000000,0.000000,0.000000,0,0.000,0.000,NO BLACK,NO BUNDLE,0,0,0,,,,0,0,0,0,0.000000,0.000000,,,,WEAK STAND GEOMETRY,,,,,,,,,,
3,0.100000,31.942,8.327,0,0,0,0.000000,0.000000,0.000000,0.000000,0.000000,0,0.000,0.000,NO BLACK,NO BUNDLE,0,0,0,,,,0,0,0,0,0.000000,0.000000,,,,WEAK STAND GEOMETRY,,,,,,,,,,
4,0.133333,32.938,9.668,0,0,0,0.000000,0.000000,0.000000,0.000000,0.000000,0,0.000,0.000,NO BLACK,NO BUNDLE,0,0,0,,,,0,0,0,0,0.000000,0.000000,,,,WEAK STAND GEOMETRY,,,,,,,,,,
5,0.166667,32.843,10.751,0,0,0,0.000000,0.000000,0.000000,0.000000,0.000000,0,0.000,0.000,NO BLACK,NO BUNDLE,0,0,0,,,,0,0,0,0,0.000000,0.000000,,,,NEED TWO DARK RAILS AND AN UPRIGHT,,,,,,,,,,
6,0.200000,34.295,11.649,0,0,0,0.000000,0.000000,0.000000,0.000000,0.000000,0,0.000,0.000,NO BLACK,NO BUNDLE,0,0,0,,,,0,0,0,0,0.000000,0.000000,,,,WEAK STAND GEOMETRY,,,,,,,,,,
7,0.233333,31.990,12.513,0,0,0,0.000000,0.000000,0.000000,0.000000,0.000000,0,0.000,0.000,NO BLACK,NO BUNDLE,0,0,0,,,,0,0,0,0,0.000000,0.000000,,,,WEAK STAND GEOMETRY,,,,,,,,,,
8,0.266667,31.418,13.192,0,0,0,0.000000,0.000000,0.000000,0.000000,0.000000,0,0.000,0.000,NO BLACK,NO BUNDLE,0,0,0,,,,0,0,0,0,0.000000,0.000000,,,,WEAK STAND GEOMETRY,,,,,,,,,,
9,0.300000,31.687,13.838,0,0,0,0.000000,0.000000,0.000000,0.000000,0.000000,0,0.000,0.000,NO BLACK,NO BUNDLE,0,0,0,,,,0,0,0,0,0.000000,0.000000,,,,WEAK STAND GEOMETRY,,,,,,,,,,
10,0.333333,32.412,14.346,0,0,0,0.000000,0.000000,0.000000,0.000000,0.000000,0,0.000,0.000,NO BLACK,NO BUNDLE,0,0,0,,,,0,0,0,0,0.000000,0.000000,,,,WEAK STAND GEOMETRY,,,,,,,,,,
11,0.366667,32.158,14.852,0,0,0,0.000000,0.000000,0.000000,0.000000,0.000000,0,0.000,0.000,NO BLACK,NO BUNDLE,0,0,0,,,,0,0,0,0,0.000000,0.000000,,,,WEAK STAND GEOMETRY,,,,,,,,,,
12,0.400000,33.069,15.157,0,0,0,0.000000,0.000000,0.000000,0.000000,0.000000,0,0.000,0.000,NO BLACK,NO BUNDLE,0,0,0,,,,0,0,0,0,0.000000,0.000000,,,,WEAK STAND GEOMETRY,,,,,,,,,,
13,0.433333,34.061,15.315,0,0,0,0.000000,0.000000,0.000000,0.000000,0.000000,0,0.000,0.000,NO BLACK,NO BUNDLE,0,0,0,,,,0,0,0,0,0.000000,0.000000,,,,NEED TWO DARK RAILS AND AN UPRIGHT,,,,,,,,,,
14,0.466667,31.446,15.719,0,0,0,0.000000,0.000000,0.000000,0.000000,0.000000,0,0.000,0.000,NO BLACK,NO BUNDLE,0,0,0,,,,0,0,0,0,0.000000,0.000000,,,,WEAK STAND GEOMETRY,,,,,,,,,,
15,0.500000,30.471,16.024,0,0,0,0.000000,0.000000,0.000000,0.000000,0.000000,0,0.000,0.000,NO BLACK,NO BUNDLE,0,0,0,,,,0,0,0,0,0.000000,0.000000,,,,WEAK STAND GEOMETRY,,,,,,,,,,
16,0.533333,30.570,16.312,0,0,0,0.000000,0.000000,0.000000,0.000000,0.000000,0,0.000,0.000,NO BLACK,NO BUNDLE,0,0,0,,,,0,0,0,0,0.000000,0.000000,,,,WEAK STAND GEOMETRY,,,,,,,,,,
17,0.566667,31.590,16.516,0,0,0,0.000000,0.000000,0.000000,0.000000,0.000000,0,0.000,0.000,NO BLACK,NO BUNDLE,0,0,0,,,,0,0,0,0,0.000000,0.000000,,,,WEAK STAND GEOMETRY,,,,,,,,,,
18,0.600000,34.520,16.492,0,0,0,0.000000,0.000000,0.000000,0.000000,0.000000,0,0.000,0.000,NO BLACK,NO BUNDLE,0,0,0,,,,0,0,0,0,0.000000,0.000000,,,,WEAK STAND GEOMETRY,,,,,,,,,,
19,0.633333,33.854,16.605,0,0,0,0.000000,0.000000,0.000000,0.000000,0.000000,0,0.000,0.000,NO BLACK,NO BUNDLE,0,0,0,,,,0,0,0,0,0.000000,0.000000,,,,WEAK STAND GEOMETRY,,,,,,,,,,
20,0.666667,30.282,16.818,0,0,0,0.000000,0.000000,0.000000,0.000000,0.000000,0,0.000,0.000,NO BLACK,NO BUNDLE,0,0,0,,,,0,0,0,0,0.000000,0.000000,,,,WEAK STAND GEOMETRY,,,,,,,,,,
21,0.700000,32.899,16.980,0,0,0,0.000000,0.000000,0.000000,0.000000,0.000000,0,0.000,0.000,NO BLACK,NO BUNDLE,0,0,0,,,,0,0,0,0,0.000000,0.000000,,,,WEAK STAND GEOMETRY,,,,,,,,,,
22,0.733333,34.157,16.985,0,0,0,0.000000,0.000000,0.000000,0.000000,0.000000,0,0.000,0.000,NO BLACK,NO BUNDLE,0,0,0,,,,0,0,0,0,0.000000,0.000000,,,,WEAK STAND GEOMETRY,,,,,,,,,,
23,0.766667,32.471,16.938,0,0,0,0.000000,0.000000,0.000000,0.000000,0.000000,0,0.000,0.000,NO BLACK,NO BUNDLE,0,0,0,,,,0,0,0,0,0.000000,0.000000,,,,NEED TWO DARK RAILS AND AN UPRIGHT,,,,,,,,,,
24,0.800000,31.954,17.063,0,0,0,0.000000,0.000000,0.000000,0.000000,0.000000,0,0.000,0.000,NO BLACK,NO BUNDLE,0,0,0,,,,0,0,0,0,0.000000,0.000000,,,,WEAK STAND GEOMETRY,,,,,,,,,,
25,0.833333,31.175,17.197,0,0,0,0.000000,0.000000,0.000000,0.000000,0.000000,0,0.000,0.000,NO BLACK,NO BUNDLE,0,0,0,,,,0,0,0,0,0.000000,0.000000,,,,NEED TWO DARK RAILS AND AN UPRIGHT,,,,,,,,,,
26,0.866667,32.782,17.307,0,0,0,0.000000,0.000000,0.000000,0.000000,0.000000,0,0.000,0.000,NO BLACK,NO BUNDLE,0,0,0,,,,0,0,0,0,0.000000,0.000000,,,,WEAK STAND GEOMETRY,,,,,,,,,,
27,0.900000,32.083,17.339,0,0,0,0.000000,0.000000,0.000000,0.000000,0.000000,0,0.000,0.000,NO BLACK,NO BUNDLE,0,0,0,,,,0,0,0,0,0.000000,0.000000,,,,WEAK STAND GEOMETRY,,,,,,,,,,
28,0.933333,29.722,17.592,0,0,0,0.000000,0.000000,0.000000,0.000000,0.000000,0,0.000,0.000,NO BLACK,NO BUNDLE,0,0,0,,,,0,0,0,0,0.000000,0.000000,,,,WEAK STAND GEOMETRY,,,,,,,,,,
29,0.966667,29.801,17.698,0,0,0,0.000000,0.000000,0.000000,0.000000,0.000000,0,0.000,0.000,NO BLACK,NO BUNDLE,0,0,0,,,,0,1,0,1,0.714604,0.714404,588,46,0.118056,ACQUIRING STAND 1/4,,,,,,,,,,
30,1.000000,29.168,17.872,0,0,0,0.000000,0.000000,0.000000,0.000000,0.000000,0,0.000,0.000,NO BLACK,NO BUNDLE,0,0,0,,,,0,1,0,0,0.714604,0.714404,588,46,0.118056,STAND TEMPORARILY LOST (1),,,,,,,,,,
31,1.033333,31.899,19.549,0,0,0,0.000000,0.000000,0.000000,0.000000,0.000000,0,0.000,0.000,NO BLACK,NO BUNDLE,0,0,0,,,,0,1,0,0,0.714604,0.714404,588,46,0.118056,STAND TEMPORARILY LOST (1),,,,,,,,,,
32,1.066667,33.404,19.199,0,0,0,0.000000,0.000000,0.000000,0.000000,0.000000,0,0.000,0.000,NO BLACK,NO BUNDLE,0,0,0,,,,0,1,0,0,0.714604,0.714404,588,46,0.118056,STAND TEMPORARILY LOST (2),,,,,,,,,,
33,1.100000,37.776,19.980,0,0,0,0.000000,0.000000,0.000000,0.000000,0.000000,0,0.000,0.000,NO BLACK,NO BUNDLE,0,0,0,,,,0,1,0,0,0.714604,0.714404,588,46,0.118056,STAND TEMPORARILY LOST (2),,,,,,,,,,
34,1.133333,34.906,19.486,0,0,0,0.000000,0.000000,0.000000,0.000000,0.000000,0,0.000,0.000,NO BLACK,NO BUNDLE,0,0,0,,,,0,1,0,0,0.714604,0.714404,588,46,0.118056,STAND TEMPORARILY LOST (3),,,,,,,,,,
35,1.166667,32.771,20.787,0,0,0,0.000000,0.000000,0.000000,0.000000,0.000000,0,0.000,0.000,NO BLACK,NO BUNDLE,0,0,0,,,,0,1,0,0,0.714604,0.714404,588,46,0.118056,STAND TEMPORARILY LOST (3),,,,,,,,,,
36,1.200000,31.898,20.348,0,0,0,0.000000,0.000000,0.000000,0.000000,0.000000,0,0.000,0.000,NO BLACK,NO BUNDLE,0,0,0,,,,0,0,0,0,0.000000,0.000000,,,,WEAK STAND GEOMETRY,,,,,,,,,,
37,1.233333,32.456,19.746,0,0,0,0.000000,0.000000,0.000000,0.000000,0.000000,0,0.000,0.000,NO BLACK,NO BUNDLE,0,0,0,,,,0,0,0,0,0.000000,0.000000,,,,WEAK STAND GEOMETRY,,,,,,,,,,
38,1.266667,33.735,19.394,0,0,0,0.000000,0.000000,0.000000,0.000000,0.000000,0,0.000,0.000,NO BLACK,NO BUNDLE,0,0,0,,,,0,0,0,0,0.000000,0.000000,,,,WEAK STAND GEOMETRY,,,,,,,,,,
39,1.300000,36.448,19.000,0,0,0,0.000000,0.000000,0.000000,0.000000,0.000000,0,0.000,0.000,NO BLACK,NO BUNDLE,0,0,0,,,,0,0,0,0,0.000000,0.000000,,,,NEED TWO DARK RAILS AND AN UPRIGHT,,,,,,,,,,
40,1.333333,37.302,17.843,0,0,0,0.000000,0.000000,0.000000,0.000000,0.000000,0,0.000,0.000,NO BLACK,NO BUNDLE,0,0,0,,,,0,0,0,0,0.000000,0.000000,,,,WEAK STAND GEOMETRY,,,,,,,,,,
41,1.366667,29.713,18.032,0,0,0,0.000000,0.000000,0.000000,0.000000,0.000000,0,0.000,0.000,NO BLACK,NO BUNDLE,0,0,0,,,,0,0,0,0,0.000000,0.000000,,,,WEAK STAND GEOMETRY,,,,,,,,,,
42,1.400000,31.768,18.055,0,0,0,0.000000,0.000000,0.000000,0.000000,0.000000,0,0.000,0.000,NO BLACK,NO BUNDLE,0,0,0,,,,0,0,0,0,0.000000,0.000000,,,,WEAK STAND GEOMETRY,,,,,,,,,,
43,1.433333,32.028,17.886,0,0,0,0.000000,0.000000,0.000000,0.000000,0.000000,0,0.000,0.000,NO BLACK,NO BUNDLE,0,0,0,,,,0,0,0,0,0.000000,0.000000,,,,WEAK STAND GEOMETRY,,,,,,,,,,
44,1.466667,30.024,17.829,0,0,0,0.000000,0.000000,0.000000,0.000000,0.000000,0,0.000,0.000,NO BLACK,NO BUNDLE,0,0,0,,,,0,0,0,0,0.000000,0.000000,,,,WEAK STAND GEOMETRY,,,,,,,,,,
45,1.500000,31.200,17.818,0,0,0,0.000000,0.000000,0.000000,0.000000,0.000000,0,0.000,0.000,NO BLACK,NO BUNDLE,0,0,0,,,,0,0,0,0,0.000000,0.000000,,,,NEED TWO DARK RAILS AND AN UPRIGHT,,,,,,,,,,
46,1.533333,31.403,17.728,0,0,0,0.000000,0.000000,0.000000,0.000000,0.000000,0,0.000,0.000,NO BLACK,NO BUNDLE,0,0,0,,,,0,0,0,0,0.000000,0.000000,,,,WEAK STAND GEOMETRY,,,,,,,,,,
47,1.566667,31.136,17.764,0,0,0,0.000000,0.000000,0.000000,0.000000,0.000000,0,0.000,0.000,NO BLACK,NO BUNDLE,0,0,0,,,,0,0,0,0,0.000000,0.000000,,,,NEED TWO DARK RAILS AND AN UPRIGHT,,,,,,,,,,
48,1.600000,31.467,17.729,0,0,0,0.000000,0.000000,0.000000,0.000000,0.000000,0,0.000,0.000,NO BLACK,NO BUNDLE,0,0,0,,,,0,0,0,0,0.000000,0.000000,,,,NEED TWO DARK RAILS AND AN UPRIGHT,,,,,,,,,,
49,1.633333,29.822,17.816,0,0,0,0.000000,0.000000,0.000000,0.000000,0.000000,0,0.000,0.000,NO BLACK,NO BUNDLE,0,0,0,,,,0,0,0,0,0.000000,0.000000,,,,NEED TWO DARK RAILS AND AN UPRIGHT,,,,,,,,,,
50,1.666667,30.888,17.866,0,0,0,0.000000,0.000000,0.000000,0.000000,0.000000,0,0.000,0.000,NO BLACK,NO BUNDLE,0,0,0,,,,0,0,0,0,0.000000,0.000000,,,,WEAK STAND GEOMETRY,,,,,,,,,,
51,1.700000,33.718,17.805,0,0,0,0.000000,0.000000,0.000000,0.000000,0.000000,0,0.000,0.000,NO BLACK,NO BUNDLE,0,0,0,,,,0,0,0,0,0.000000,0.000000,,,,NEED TWO DARK RAILS AND AN UPRIGHT,,,,,,,,,,
52,1.733333,33.281,17.808,0,0,0,0.000000,0.000000,0.000000,0.000000,0.000000,0,0.000,0.000,NO BLACK,NO BUNDLE,0,0,0,,,,0,0,0,0,0.000000,0.000000,,,,NEED TWO DARK RAILS AND AN UPRIGHT,,,,,,,,,,
53,1.766667,33.388,17.792,0,0,0,0.000000,0.000000,0.000000,0.000000,0.000000,0,0.000,0.000,NO BLACK,NO BUNDLE,0,0,0,,,,0,0,0,0,0.000000,0.000000,,,,NEED TWO DARK RAILS AND AN UPRIGHT,,,,,,,,,,
54,1.800000,30.913,17.995,0,0,0,0.000000,0.000000,0.000000,0.000000,0.000000,0,0.000,0.000,NO BLACK,NO BUNDLE,0,0,0,,,,0,0,0,0,0.000000,0.000000,,,,NEED TWO DARK RAILS AND AN UPRIGHT,,,,,,,,,,
55,1.833333,32.138,18.060,0,0,0,0.000000,0.000000,0.000000,0.000000,0.000000,0,0.000,0.000,NO BLACK,NO BUNDLE,0,0,0,,,,0,0,0,0,0.000000,0.000000,,,,NEED TWO DARK RAILS AND AN UPRIGHT,,,,,,,,,,
56,1.866667,31.973,18.158,0,0,0,0.000000,0.000000,0.000000,0.000000,0.000000,0,0.000,0.000,NO BLACK,NO BUNDLE,0,0,0,,,,0,0,0,0,0.000000,0.000000,,,,NEED TWO DARK RAILS AND AN UPRIGHT,,,,,,,,,,
57,1.900000,35.397,18.020,0,0,0,0.000000,0.000000,0.000000,0.000000,0.000000,0,0.000,0.000,NO BLACK,NO BUNDLE,0,0,0,,,,0,0,0,0,0.000000,0.000000,,,,NEED TWO DARK RAILS AND AN UPRIGHT,,,,,,,,,,
58,1.933333,34.784,17.960,0,0,0,0.000000,0.000000,0.000000,0.000000,0.000000,0,0.000,0.000,NO BLACK,NO BUNDLE,0,0,0,,,,0,0,0,0,0.000000,0.000000,,,,NEED TWO DARK RAILS AND AN UPRIGHT,,,,,,,,,,
59,1.966667,33.891,17.884,0,0,0,0.000000,0.000000,0.000000,0.000000,0.000000,0,0.000,0.000,NO BLACK,NO BUNDLE,0,0,0,,,,0,0,0,0,0.000000,0.000000,,,,NEED TWO DARK RAILS AND AN UPRIGHT,,,,,,,,,,
60,2.000000,32.032,17.748,0,0,0,0.000000,0.000000,0.000000,0.000000,0.000000,0,0.000,0.000,NO BLACK,NO BUNDLE,0,0,0,,,,0,0,0,0,0.000000,0.000000,,,,NEED TWO DARK RAILS AND AN UPRIGHT,,,,,,,,,,
61,2.033333,32.031,17.624,0,0,0,0.000000,0.000000,0.000000,0.000000,0.000000,0,0.000,0.000,NO BLACK,NO BUNDLE,0,0,0,,,,0,0,0,0,0.000000,0.000000,,,,NEED TWO DARK RAILS AND AN UPRIGHT,,,,,,,,,,
62,2.066667,32.888,17.438,0,0,0,0.000000,0.000000,0.000000,0.000000,0.000000,0,0.000,0.000,NO BLACK,NO BUNDLE,0,0,0,,,,0,0,0,0,0.000000,0.000000,,,,NEED TWO DARK RAILS AND AN UPRIGHT,,,,,,,,,,
63,2.100000,30.899,17.155,0,0,0,0.000000,0.000000,0.000000,0.000000,0.000000,0,0.000,0.000,NO BLACK,NO BUNDLE,0,0,0,,,,0,0,0,0,0.000000,0.000000,,,,WEAK STAND GEOMETRY,,,,,,,,,,
64,2.133333,31.938,16.897,0,0,0,0.000000,0.000000,0.000000,0.000000,0.000000,0,0.000,0.000,NO BLACK,NO BUNDLE,0,0,0,,,,0,0,0,0,0.000000,0.000000,,,,NEED TWO DARK RAILS AND AN UPRIGHT,,,,,,,,,,
65,2.166667,33.126,16.547,0,0,0,0.000000,0.000000,0.000000,0.000000,0.000000,0,0.000,0.000,NO BLACK,NO BUNDLE,0,0,0,,,,0,0,0,0,0.000000,0.000000,,,,NEED TWO DARK RAILS AND AN UPRIGHT,,,,,,,,,,
66,2.200000,32.259,16.284,0,0,0,0.000000,0.000000,0.000000,0.000000,0.000000,0,0.000,0.000,NO BLACK,NO BUNDLE,0,0,0,,,,0,1,0,1,0.711132,0.841003,730,52,0.144444,ACQUIRING STAND 1/4,,,,,,,,,,
67,2.233333,31.972,18.150,354,0,0,0.773897,0.000000,0.000000,0.000000,0.000000,0,0.000,0.000,NO LASHING,NO BUNDLE,0,0,0,,,,0,1,0,1,0.711132,0.841003,730,52,0.144444,ACQUIRING STAND 1/4,,,,,,,,,,
68,2.266667,29.886,17.611,369,0,0,0.779315,0.000000,0.000000,0.000000,0.000000,0,0.000,0.000,NO LASHING,NO BUNDLE,0,0,0,,,,0,1,0,1,0.773315,0.806428,682,54,0.150556,ACQUIRING STAND 2/4,,,,,,,,,,
69,2.300000,30.768,19.437,0,0,0,0.000000,0.000000,0.000000,0.000000,0.000000,0,0.000,0.000,NO BLACK,NO BUNDLE,0,0,0,,,,0,1,0,1,0.773315,0.806428,682,54,0.150556,ACQUIRING STAND 2/4,,,,,,,,,,
70,2.333333,31.526,18.723,0,0,0,0.000000,0.000000,0.000000,0.000000,0.000000,0,0.000,0.000,NO BLACK,NO BUNDLE,0,0,0,,,,0,1,0,1,0.783246,0.838323,724,60,0.166292,ACQUIRING STAND 3/4,,,,,,,,,,
71,2.366667,31.072,20.262,175,0,0,0.777268,0.000000,0.000000,0.000000,0.000000,0,0.000,0.000,NO BLACK,NO BUNDLE,0,0,0,,,,0,1,0,1,0.783246,0.838323,724,60,0.166292,ACQUIRING STAND 3/4,,,,,,,,,,
72,2.400000,34.145,19.507,0,0,0,0.000000,0.000000,0.000000,0.000000,0.000000,0,0.000,0.000,NO BLACK,NO BUNDLE,0,0,0,,,,0,1,1,1,0.856439,0.765252,674,85,0.206220,STAND LOCKED,,,,,,,,,,
73,2.433333,31.026,20.842,10,0,0,0.717683,0.000000,0.000000,0.000000,0.000000,0,0.000,0.000,NO BLACK,NO BUNDLE,0,0,0,,,,0,1,1,1,0.856439,0.765252,674,85,0.206220,STAND LOCKED,,,,,,,,,,
74,2.466667,27.519,20.931,0,0,0,0.000000,0.000000,0.000000,0.000000,0.000000,0,0.000,0.000,NO BLACK,NO BUNDLE,0,0,0,,,,0,1,1,0,0.856439,0.765252,674,85,0.206220,STAND TEMPORARILY LOST (1),,,,,,,,,,
75,2.500000,34.190,21.858,277,0,0,0.760122,0.000000,0.000000,0.000000,0.000000,0,0.000,0.000,NO LASHING,NO BUNDLE,0,0,0,,,,0,1,1,0,0.856439,0.765252,674,85,0.206220,STAND TEMPORARILY LOST (1),,,,,,,,,,
76,2.533333,31.906,20.586,0,0,0,0.000000,0.000000,0.000000,0.000000,0.000000,0,0.000,0.000,NO BLACK,NO BUNDLE,0,0,0,,,,0,1,1,1,0.814003,0.783889,649,124,0.303632,STAND LOCKED,,,,,,,,,,
77,2.566667,33.991,21.601,0,0,0,0.000000,0.000000,0.000000,0.000000,0.000000,0,0.000,0.000,NO BLACK,NO BUNDLE,0,0,0,,,,0,1,1,1,0.814003,0.783889,649,124,0.303632,STAND LOCKED,,,,,,,,,,
78,2.600000,30.831,21.135,0,0,0,0.000000,0.000000,0.000000,0.000000,0.000000,0,0.000,0.000,NO BLACK,NO BUNDLE,0,0,0,,,,0,1,1,0,0.814003,0.783889,649,124,0.303632,STAND TARGET JUMP REJECTED,,,,,,,,,,
79,2.633333,31.452,22.277,185,53,0,0.746070,0.673179,0.000000,0.709624,0.000000,0,0.000,0.000,NO BLACK,NO BUNDLE,0,0,0,,,,0,1,1,0,0.814003,0.783889,649,124,0.303632,STAND TARGET JUMP REJECTED,,,,,,,,,,
80,2.666667,30.395,20.889,0,245,0,0.000000,0.700382,0.000000,0.000000,0.000000,0,0.000,0.000,NO BLACK,NO BUNDLE,0,0,0,,,,0,1,1,1,0.934676,0.813915,643,185,0.417746,STAND LOCKED,,,,,,,,,,
81,2.700000,34.744,21.726,0,0,0,0.000000,0.000000,0.000000,0.000000,0.000000,0,0.000,0.000,NO BLACK,NO BUNDLE,0,0,0,,,,0,1,1,1,0.934676,0.813915,643,185,0.417746,STAND LOCKED,,,,,,,,,,
82,2.733333,31.247,21.182,0,0,0,0.000000,0.000000,0.000000,0.000000,0.000000,0,0.000,0.000,NO BLACK,NO BUNDLE,0,0,0,,,,0,1,1,1,0.887500,0.832414,572,176,0.389652,STAND LOCKED,,,,,,,,,,
83,2.766667,32.397,22.262,0,0,0,0.000000,0.000000,0.000000,0.000000,0.000000,0,0.000,0.000,NO BLACK,NO BUNDLE,0,0,0,,,,0,1,1,1,0.887500,0.832414,572,176,0.389652,STAND LOCKED,,,,,,,,,,
84,2.800000,29.861,21.801,0,0,0,0.000000,0.000000,0.000000,0.000000,0.000000,0,0.000,0.000,NO BLACK,NO BUNDLE,0,0,0,,,,0,1,1,1,1.000000,0.825868,518,223,0.407566,STAND LOCKED,,,,,,,,,,
85,2.833333,32.626,22.748,0,0,0,0.000000,0.000000,0.000000,0.000000,0.000000,0,0.000,0.000,NO BLACK,NO BUNDLE,0,0,0,,,,0,1,1,1,1.000000,0.825868,518,223,0.407566,STAND LOCKED,,,,,,,,,,
86,2.866667,31.632,21.960,0,0,24,0.000000,0.000000,0.746667,0.000000,0.000000,0,0.000,0.000,NO BLACK,NO BUNDLE,0,0,0,,,,0,1,1,0,1.000000,0.825868,518,223,0.407566,STAND TARGET JUMP REJECTED,,,,,,,,,,
87,2.900000,33.516,22.764,0,0,26,0.000000,0.000000,0.792931,0.000000,0.000000,0,0.000,0.000,NO BLACK,NO BUNDLE,0,0,0,,,,0,1,1,0,1.000000,0.825868,518,223,0.407566,STAND TARGET JUMP REJECTED,,,,,,,,,,
88,2.933333,32.239,22.012,0,0,0,0.000000,0.000000,0.000000,0.000000,0.000000,0,0.000,0.000,NO BLACK,NO BUNDLE,0,0,0,,,,0,1,1,0,1.000000,0.825868,518,223,0.407566,STAND TARGET JUMP REJECTED,,,,,,,,,,
89,2.966667,31.654,22.867,0,0,8,0.000000,0.000000,0.715754,0.000000,0.000000,0,0.000,0.000,NO BLACK,NO BUNDLE,0,0,0,,,,0,1,1,0,1.000000,0.825868,518,223,0.407566,STAND TARGET JUMP REJECTED,,,,,,,,,,
90,3.000000,33.506,21.255,0,0,0,0.000000,0.000000,0.000000,0.000000,0.000000,0,0.000,0.000,NO BLACK,NO BUNDLE,0,0,0,,,,0,1,1,1,0.945000,0.838883,511,202,0.458405,STAND LOCKED,,,,,,,,,,
91,3.033333,32.483,22.296,0,0,0,0.000000,0.000000,0.000000,0.000000,0.000000,0,0.000,0.000,NO BLACK,NO BUNDLE,0,0,0,,,,0,1,1,1,0.945000,0.838883,511,202,0.458405,STAND LOCKED,,,,,,,,,,
92,3.066667,34.694,21.302,0,0,0,0.000000,0.000000,0.000000,0.000000,0.000000,0,0.000,0.000,NO BLACK,NO BUNDLE,0,0,0,,,,0,1,1,0,0.945000,0.838883,511,202,0.458405,STAND TEMPORARILY LOST (1),,,,,,,,,,
93,3.100000,34.790,22.058,0,0,0,0.000000,0.000000,0.000000,0.000000,0.000000,0,0.000,0.000,NO BLACK,NO BUNDLE,0,0,0,,,,0,1,1,0,0.945000,0.838883,511,202,0.458405,STAND TEMPORARILY LOST (1),,,,,,,,,,
94,3.133333,31.830,21.149,0,0,0,0.000000,0.000000,0.000000,0.000000,0.000000,0,0.000,0.000,NO BLACK,NO BUNDLE,0,0,0,,,,0,1,1,1,0.774406,0.905454,535,198,0.496560,STAND LOCKED,,,,,,,,,,
95,3.166667,35.481,21.871,0,0,0,0.000000,0.000000,0.000000,0.000000,0.000000,0,0.000,0.000,NO BLACK,NO BUNDLE,0,0,0,,,,0,1,1,1,0.774406,0.905454,535,198,0.496560,STAND LOCKED,,,,,,,,,,
96,3.200000,33.201,20.913,0,0,0,0.000000,0.000000,0.000000,0.000000,0.000000,0,0.000,0.000,NO BLACK,NO BUNDLE,0,0,0,,,,0,1,1,1,0.968336,0.946269,554,204,0.525952,STAND LOCKED,,,,,,,,,,
97,3.233333,33.189,22.011,0,0,0,0.000000,0.000000,0.000000,0.000000,0.000000,0,0.000,0.000,NO BLACK,NO BUNDLE,0,0,0,,,,0,1,1,1,0.968336,0.946269,554,204,0.525952,STAND LOCKED,,,,,,,,,,
98,3.266667,31.176,21.122,0,0,0,0.000000,0.000000,0.000000,0.000000,0.000000,0,0.000,0.000,NO BLACK,NO BUNDLE,0,0,0,,,,0,1,1,0,0.968336,0.946269,554,204,0.525952,STAND TARGET JUMP REJECTED,,,,,,,,,,
99,3.300000,35.794,21.765,0,0,0,0.000000,0.000000,0.000000,0.000000,0.000000,0,0.000,0.000,NO BLACK,NO BUNDLE,0,0,0,,,,0,1,1,0,0.968336,0.946269,554,204,0.525952,STAND TARGET JUMP REJECTED,,,,,,,,,,
100,3.333333,32.088,20.942,4,0,0,0.713580,0.000000,0.000000,0.000000,0.000000,0,0.000,0.000,NO BLACK,NO BUNDLE,0,0,0,,,,0,1,1,0,0.968336,0.946269,554,204,0.525952,STAND TARGET JUMP REJECTED,,,,,,,,,,
101,3.366667,33.994,21.911,0,0,0,0.000000,0.000000,0.000000,0.000000,0.000000,0,0.000,0.000,NO BLACK,NO BUNDLE,0,0,0,,,,0,1,1,0,0.968336,0.946269,554,204,0.525952,STAND TARGET JUMP REJECTED,,,,,,,,,,
102,3.400000,29.698,21.258,0,0,0,0.000000,0.000000,0.000000,0.000000,0.000000,0,0.000,0.000,NO BLACK,NO BUNDLE,0,0,0,,,,0,1,1,1,0.945000,0.864426,687,228,0.589595,STAND LOCKED,,,,,,,,,,
103,3.433333,35.372,21.947,0,0,0,0.000000,0.000000,0.000000,0.000000,0.000000,0,0.000,0.000,NO BLACK,NO BUNDLE,0,0,0,,,,0,1,1,1,0.945000,0.864426,687,228,0.589595,STAND LOCKED,,,,,,,,,,
104,3.466667,31.103,21.260,0,0,0,0.000000,0.000000,0.000000,0.000000,0.000000,0,0.000,0.000,NO BLACK,NO BUNDLE,0,0,0,,,,0,1,1,1,1.000000,0.847109,673,217,0.571637,STAND LOCKED,,,,,,,,,,
105,3.500000,31.800,22.391,0,0,0,0.000000,0.000000,0.000000,0.000000,0.000000,0,0.000,0.000,NO BLACK,NO BUNDLE,0,0,0,,,,0,1,1,1,1.000000,0.847109,673,217,0.571637,STAND LOCKED,,,,,,,,,,
106,3.533333,31.983,21.550,3,0,0,0.710712,0.000000,0.000000,0.000000,0.000000,0,0.000,0.000,NO BLACK,NO BUNDLE,0,0,0,,,,0,1,1,1,0.967629,0.918810,575,240,0.652167,STAND LOCKED,,,,,,,,,,
107,3.566667,32.870,22.494,26,0,0,0.752666,0.000000,0.000000,0.000000,0.000000,0,0.000,0.000,NO BLACK,NO BUNDLE,0,0,0,,,,0,1,1,1,0.967629,0.918810,575,240,0.652167,STAND LOCKED,,,,,,,,,,
108,3.600000,28.944,21.642,8,0,0,0.720897,0.000000,0.000000,0.000000,0.000000,0,0.000,0.000,NO BLACK,NO BUNDLE,0,0,0,,,,0,1,1,1,1.000000,0.879036,544,238,0.654031,STAND LOCKED,,,,,,,,,,
109,3.633333,31.642,22.726,0,0,0,0.000000,0.000000,0.000000,0.000000,0.000000,0,0.000,0.000,NO BLACK,NO BUNDLE,0,0,0,,,,0,1,1,1,1.000000,0.879036,544,238,0.654031,STAND LOCKED,,,,,,,,,,
110,3.666667,31.219,21.640,0,0,0,0.000000,0.000000,0.000000,0.000000,0.000000,0,0.000,0.000,NO BLACK,NO BUNDLE,0,0,0,,,,0,1,1,1,0.945000,0.861125,531,212,0.570842,STAND LOCKED,,,,,,,,,,
111,3.700000,35.501,22.098,0,0,0,0.000000,0.000000,0.000000,0.000000,0.000000,0,0.000,0.000,NO BLACK,NO BUNDLE,0,0,0,,,,0,1,1,1,0.945000,0.861125,531,212,0.570842,STAND LOCKED,,,,,,,,,,
112,3.733333,32.394,21.145,0,0,0,0.000000,0.000000,0.000000,0.000000,0.000000,0,0.000,0.000,NO BLACK,NO BUNDLE,0,0,0,,,,0,1,1,1,1.000000,0.895577,510,215,0.590698,STAND LOCKED,,,,,,,,,,
113,3.766667,31.495,22.309,0,0,0,0.000000,0.000000,0.000000,0.000000,0.000000,0,0.000,0.000,NO BLACK,NO BUNDLE,0,0,0,,,,0,1,1,1,1.000000,0.895577,510,215,0.590698,STAND LOCKED,,,,,,,,,,
114,3.800000,32.837,21.171,0,0,0,0.000000,0.000000,0.000000,0.000000,0.000000,0,0.000,0.000,NO BLACK,NO BUNDLE,0,0,0,,,,0,1,1,1,1.000000,0.825565,555,243,0.669911,STAND LOCKED,,,,,,,,,,
115,3.833333,31.807,22.303,0,0,0,0.000000,0.000000,0.000000,0.000000,0.000000,0,0.000,0.000,NO BLACK,NO BUNDLE,0,0,0,,,,0,1,1,1,1.000000,0.825565,555,243,0.669911,STAND LOCKED,,,,,,,,,,
116,3.866667,32.220,21.291,0,0,0,0.000000,0.000000,0.000000,0.000000,0.000000,0,0.000,0.000,NO BLACK,NO BUNDLE,0,0,0,,,,0,1,1,1,1.000000,0.831290,536,263,0.729238,STAND LOCKED,,,,,,,,,,
117,3.900000,31.789,22.469,0,0,0,0.000000,0.000000,0.000000,0.000000,0.000000,0,0.000,0.000,NO BLACK,NO BUNDLE,0,0,0,,,,0,1,1,1,1.000000,0.831290,536,263,0.729238,STAND LOCKED,,,,,,,,,,
118,3.933333,34.830,21.519,0,0,0,0.000000,0.000000,0.000000,0.000000,0.000000,0,0.000,0.000,NO BLACK,NO BUNDLE,0,0,0,,,,0,1,1,1,1.000000,0.828721,550,227,0.624546,STAND LOCKED,,,,,,,,,,
119,3.966667,34.456,22.259,0,0,0,0.000000,0.000000,0.000000,0.000000,0.000000,0,0.000,0.000,NO BLACK,NO BUNDLE,0,0,0,,,,0,1,1,1,1.000000,0.828721,550,227,0.624546,STAND LOCKED,,,,,,,,,,
120,4.000000,32.649,21.437,0,0,0,0.000000,0.000000,0.000000,0.000000,0.000000,0,0.000,0.000,NO BLACK,NO BUNDLE,0,0,0,,,,0,1,1,1,0.946667,0.807917,504,261,0.701185,STAND LOCKED,,,,,,,,,,
121,4.033333,31.796,22.542,0,0,25,0.000000,0.000000,0.748270,0.000000,0.000000,0,0.000,0.000,NO BLACK,NO BUNDLE,0,0,0,,,,0,1,1,1,0.946667,0.807917,504,261,0.701185,STAND LOCKED,,,,,,,,,,
122,4.066667,27.982,21.746,0,0,0,0.000000,0.000000,0.000000,0.000000,0.000000,0,0.000,0.000,NO BLACK,NO BUNDLE,0,0,0,,,,0,1,1,0,0.946667,0.807917,504,261,0.701185,STAND TARGET JUMP REJECTED,,,,,,,,,,
123,4.100000,35.199,22.431,0,0,0,0.000000,0.000000,0.000000,0.000000,0.000000,0,0.000,0.000,NO BLACK,NO BUNDLE,0,0,0,,,,0,1,1,0,0.946667,0.807917,504,261,0.701185,STAND TARGET JUMP REJECTED,,,,,,,,,,
124,4.133333,30.237,21.636,0,0,0,0.000000,0.000000,0.000000,0.000000,0.000000,0,0.000,0.000,NO BLACK,NO BUNDLE,0,0,0,,,,0,1,1,1,0.904645,0.906289,556,223,0.608866,STAND LOCKED,,,,,,,,,,
125,4.166667,35.259,22.276,0,0,0,0.000000,0.000000,0.000000,0.000000,0.000000,0,0.000,0.000,NO BLACK,NO BUNDLE,0,0,0,,,,0,1,1,1,0.904645,0.906289,556,223,0.608866,STAND LOCKED,,,,,,,,,,
126,4.200000,31.973,21.310,3,0,82,0.708667,0.000000,0.819116,0.000000,0.000000,0,0.000,0.000,NO BLACK,NO BUNDLE,0,0,0,,,,0,1,1,0,0.904645,0.906289,556,223,0.608866,STAND TARGET JUMP REJECTED,,,,,,,,,,
127,4.233333,32.958,22.319,198,0,0,0.777824,0.000000,0.000000,0.000000,0.000000,0,0.000,0.000,NO BLACK,NO BUNDLE,0,0,0,,,,0,1,1,0,0.904645,0.906289,556,223,0.608866,STAND TARGET JUMP REJECTED,,,,,,,,,,
128,4.266667,31.697,21.381,0,0,0,0.000000,0.000000,0.000000,0.000000,0.000000,0,0.000,0.000,NO BLACK,NO BUNDLE,0,0,0,,,,0,1,1,1,0.920769,0.867200,456,252,0.677323,STAND LOCKED,,,,,,,,,,
129,4.300000,32.715,22.394,0,0,0,0.000000,0.000000,0.000000,0.000000,0.000000,0,0.000,0.000,NO BLACK,NO BUNDLE,0,0,0,,,,0,1,1,1,0.920769,0.867200,456,252,0.677323,STAND LOCKED,,,,,,,,,,
130,4.333333,36.998,21.027,0,0,0,0.000000,0.000000,0.000000,0.000000,0.000000,0,0.000,0.000,NO BLACK,NO BUNDLE,0,0,0,,,,0,1,1,0,0.920769,0.867200,456,252,0.677323,STAND TARGET JUMP REJECTED,,,,,,,,,,
131,4.366667,37.529,21.523,0,0,0,0.000000,0.000000,0.000000,0.000000,0.000000,0,0.000,0.000,NO BLACK,NO BUNDLE,0,0,0,,,,0,1,1,0,0.920769,0.867200,456,252,0.677323,STAND TARGET JUMP REJECTED,,,,,,,,,,
132,4.400000,29.681,20.624,0,0,0,0.000000,0.000000,0.000000,0.000000,0.000000,0,0.000,0.000,NO BLACK,NO BUNDLE,0,0,0,,,,0,1,1,1,1.000000,0.834931,474,254,0.694379,STAND LOCKED,,,,,,,,,,
133,4.433333,34.999,21.427,0,0,0,0.000000,0.000000,0.000000,0.000000,0.000000,0,0.000,0.000,NO BLACK,NO BUNDLE,0,0,0,,,,0,1,1,1,1.000000,0.834931,474,254,0.694379,STAND LOCKED,,,,,,,,,,
134,4.466667,32.008,20.673,0,0,0,0.000000,0.000000,0.000000,0.000000,0.000000,0,0.000,0.000,NO BLACK,NO BUNDLE,0,0,0,,,,0,1,1,1,1.000000,0.836364,499,251,0.690595,STAND LOCKED,,,,,,,,,,
135,4.500000,35.461,21.367,0,0,0,0.000000,0.000000,0.000000,0.000000,0.000000,0,0.000,0.000,NO BLACK,NO BUNDLE,0,0,0,,,,0,1,1,1,1.000000,0.836364,499,251,0.690595,STAND LOCKED,,,,,,,,,,
136,4.533333,34.672,20.766,0,0,0,0.000000,0.000000,0.000000,0.000000,0.000000,0,0.000,0.000,NO BLACK,NO BUNDLE,0,0,0,,,,0,1,1,0,1.000000,0.836364,499,251,0.690595,STAND TARGET JUMP REJECTED,,,,,,,,,,
137,4.566667,33.365,21.831,0,0,0,0.000000,0.000000,0.000000,0.000000,0.000000,0,0.000,0.000,NO BLACK,NO BUNDLE,0,0,0,,,,0,1,1,0,1.000000,0.836364,499,251,0.690595,STAND TARGET JUMP REJECTED,,,,,,,,,,
138,4.600000,31.759,21.326,0,0,0,0.000000,0.000000,0.000000,0.000000,0.000000,0,0.000,0.000,NO BLACK,NO BUNDLE,0,0,0,,,,0,1,1,1,0.928040,0.796722,481,181,0.489518,STAND LOCKED,,,,,,,,,,
139,4.633333,32.460,22.424,0,0,0,0.000000,0.000000,0.000000,0.000000,0.000000,0,0.000,0.000,NO BLACK,NO BUNDLE,0,0,0,,,,0,1,1,1,0.928040,0.796722,481,181,0.489518,STAND LOCKED,,,,,,,,,,
140,4.666667,30.558,21.865,0,0,0,0.000000,0.000000,0.000000,0.000000,0.000000,0,0.000,0.000,NO BLACK,NO BUNDLE,0,0,0,,,,0,1,1,1,1.000000,0.790937,518,189,0.515908,STAND LOCKED,,,,,,,,,,
141,4.700000,31.276,22.825,0,0,0,0.000000,0.000000,0.000000,0.000000,0.000000,0,0.000,0.000,NO BLACK,NO BUNDLE,0,0,0,,,,0,1,1,1,1.000000,0.790937,518,189,0.515908,STAND LOCKED,,,,,,,,,,
142,4.733333,35.008,22.084,0,0,0,0.000000,0.000000,0.000000,0.000000,0.000000,0,0.000,0.000,NO BLACK,NO BUNDLE,0,0,0,,,,0,1,1,1,0.966667,0.806354,505,229,0.445284,STAND LOCKED,,,,,,,,,,
143,4.766667,32.249,23.080,0,0,0,0.000000,0.000000,0.000000,0.000000,0.000000,0,0.000,0.000,NO BLACK,NO BUNDLE,0,0,0,,,,0,1,1,1,0.966667,0.806354,505,229,0.445284,STAND LOCKED,,,,,,,,,,
144,4.800000,32.652,22.481,0,0,0,0.000000,0.000000,0.000000,0.000000,0.000000,0,0.000,0.000,NO BLACK,NO BUNDLE,0,0,0,,,,0,1,1,1,0.976667,0.838187,524,212,0.504405,STAND LOCKED,,,,,,,,,,
145,4.833333,32.541,23.387,0,0,0,0.000000,0.000000,0.000000,0.000000,0.000000,0,0.000,0.000,NO BLACK,NO BUNDLE,0,0,0,,,,0,1,1,1,0.976667,0.838187,524,212,0.504405,STAND LOCKED,,,,,,,,,,
146,4.866667,29.263,23.048,0,0,0,0.000000,0.000000,0.000000,0.000000,0.000000,0,0.000,0.000,NO BLACK,NO BUNDLE,0,0,0,,,,0,1,1,1,0.961346,0.746482,483,164,0.417191,STAND LOCKED,,,,,,,,,,
147,4.900000,34.813,23.499,0,0,0,0.000000,0.000000,0.000000,0.000000,0.000000,0,0.000,0.000,NO BLACK,NO BUNDLE,0,0,0,,,,0,1,1,1,0.961346,0.746482,483,164,0.417191,STAND LOCKED,,,,,,,,,,
148,4.933333,30.741,22.850,0,0,0,0.000000,0.000000,0.000000,0.000000,0.000000,0,0.000,0.000,NO BLACK,NO BUNDLE,0,0,0,,,,0,1,1,1,0.948333,0.767207,522,183,0.478778,STAND LOCKED,,,,,,,,,,
149,4.966667,34.819,23.321,0,0,0,0.000000,0.000000,0.000000,0.000000,0.000000,0,0.000,0.000,NO BLACK,NO BUNDLE,0,0,0,,,,0,1,1,1,0.948333,0.767207,522,183,0.478778,STAND LOCKED,,,,,,,,,,
150,5.000000,30.190,22.981,0,0,0,0.000000,0.000000,0.000000,0.000000,0.000000,0,0.000,0.000,NO BLACK,NO BUNDLE,0,0,0,,,,0,1,1,1,0.942683,0.684110,516,202,0.547742,STAND LOCKED,,,,,,,,,,
151,5.033333,31.756,23.914,0,0,0,0.000000,0.000000,0.000000,0.000000,0.000000,0,0.000,0.000,NO BLACK,NO BUNDLE,0,0,0,,,,0,1,1,1,0.942683,0.684110,516,202,0.547742,STAND LOCKED,,,,,,,,,,
152,5.066667,31.999,23.216,0,0,0,0.000000,0.000000,0.000000,0.000000,0.000000,0,0.000,0.000,NO BLACK,NO BUNDLE,0,0,0,,,,0,1,1,1,1.000000,0.752129,464,199,0.545928,STAND LOCKED,,,,,,,,,,
153,5.100000,30.335,24.291,0,0,0,0.000000,0.000000,0.000000,0.000000,0.000000,0,0.000,0.000,NO BLACK,NO BUNDLE,0,0,0,,,,0,1,1,1,1.000000,0.752129,464,199,0.545928,STAND LOCKED,,,,,,,,,,
154,5.133333,32.292,23.525,0,0,0,0.000000,0.000000,0.000000,0.000000,0.000000,0,0.000,0.000,NO BLACK,NO BUNDLE,0,0,0,,,,0,1,1,1,0.945833,0.858190,494,196,0.541293,STAND LOCKED,,,,,,,,,,
155,5.166667,30.944,24.473,0,0,0,0.000000,0.000000,0.000000,0.000000,0.000000,0,0.000,0.000,NO BLACK,NO BUNDLE,0,0,0,,,,0,1,1,1,0.945833,0.858190,494,196,0.541293,STAND LOCKED,,,,,,,,,,
156,5.200000,33.028,23.548,0,0,0,0.000000,0.000000,0.000000,0.000000,0.000000,0,0.000,0.000,NO BLACK,NO BUNDLE,0,0,0,,,,0,1,1,1,1.000000,0.826985,501,194,0.538443,STAND LOCKED,,,,,,,,,,
157,5.233333,34.626,23.997,0,0,0,0.000000,0.000000,0.000000,0.000000,0.000000,0,0.000,0.000,NO BLACK,NO BUNDLE,0,0,0,,,,0,1,1,1,1.000000,0.826985,501,194,0.538443,STAND LOCKED,,,,,,,,,,
158,5.266667,34.913,23.228,0,0,0,0.000000,0.000000,0.000000,0.000000,0.000000,0,0.000,0.000,NO BLACK,NO BUNDLE,0,0,0,,,,0,1,1,1,0.933333,0.854579,517,192,0.532577,STAND LOCKED,,,,,,,,,,
159,5.300000,35.292,23.563,0,0,0,0.000000,0.000000,0.000000,0.000000,0.000000,0,0.000,0.000,NO BLACK,NO BUNDLE,0,0,0,,,,0,1,1,1,0.933333,0.854579,517,192,0.532577,STAND LOCKED,,,,,,,,,,
160,5.333333,34.549,22.823,0,0,0,0.000000,0.000000,0.000000,0.000000,0.000000,0,0.000,0.000,NO BLACK,NO BUNDLE,0,0,0,,,,0,1,1,1,0.982778,0.821919,520,188,0.516187,STAND LOCKED,,,,,,,,,,
161,5.366667,31.429,23.589,0,0,0,0.000000,0.000000,0.000000,0.000000,0.000000,0,0.000,0.000,NO BLACK,NO BUNDLE,0,0,0,,,,0,1,1,1,0.982778,0.821919,520,188,0.516187,STAND LOCKED,,,,,,,,,,
162,5.400000,35.626,22.824,0,0,0,0.000000,0.000000,0.000000,0.000000,0.000000,0,0.000,0.000,NO BLACK,NO BUNDLE,0,0,0,,,,0,1,1,1,1.000000,0.794923,526,189,0.521034,STAND LOCKED,,,,,,,,,,
163,5.433333,33.997,23.362,0,0,0,0.000000,0.000000,0.000000,0.000000,0.000000,0,0.000,0.000,NO BLACK,NO BUNDLE,0,0,0,,,,0,1,1,1,1.000000,0.794923,526,189,0.521034,STAND LOCKED,,,,,,,,,,
164,5.466667,34.525,22.590,0,0,0,0.000000,0.000000,0.000000,0.000000,0.000000,0,0.000,0.000,NO BLACK,NO BUNDLE,0,0,0,,,,0,1,1,1,0.967500,0.857344,534,196,0.539257,STAND LOCKED,,,,,,,,,,
165,5.500000,31.542,23.580,0,0,0,0.000000,0.000000,0.000000,0.000000,0.000000,0,0.000,0.000,NO BLACK,NO BUNDLE,0,0,0,,,,0,1,1,1,0.967500,0.857344,534,196,0.539257,STAND LOCKED,,,,,,,,,,
166,5.533333,32.342,22.903,0,0,0,0.000000,0.000000,0.000000,0.000000,0.000000,0,0.000,0.000,NO BLACK,NO BUNDLE,0,0,0,,,,0,1,1,1,1.000000,0.769756,525,205,0.565791,STAND LOCKED,,,,,,,,,,
167,5.566667,31.359,23.747,0,0,0,0.000000,0.000000,0.000000,0.000000,0.000000,0,0.000,0.000,NO BLACK,NO BUNDLE,0,0,0,,,,0,1,1,1,1.000000,0.769756,525,205,0.565791,STAND LOCKED,,,,,,,,,,
168,5.600000,33.325,22.987,0,0,0,0.000000,0.000000,0.000000,0.000000,0.000000,0,0.000,0.000,NO BLACK,NO BUNDLE,0,0,0,,,,0,1,1,1,1.000000,0.734041,532,201,0.550995,STAND LOCKED,,,,,,,,,,
169,5.633333,32.559,23.821,0,0,0,0.000000,0.000000,0.000000,0.000000,0.000000,0,0.000,0.000,NO BLACK,NO BUNDLE,0,0,0,,,,0,1,1,1,1.000000,0.734041,532,201,0.550995,STAND LOCKED,,,,,,,,,,
170,5.666667,32.942,22.930,0,0,0,0.000000,0.000000,0.000000,0.000000,0.000000,0,0.000,0.000,NO BLACK,NO BUNDLE,0,0,0,,,,0,1,1,1,1.000000,0.729215,473,209,0.566489,STAND LOCKED,,,,,,,,,,
171,5.700000,34.380,23.538,0,0,0,0.000000,0.000000,0.000000,0.000000,0.000000,0,0.000,0.000,NO BLACK,NO BUNDLE,0,0,0,,,,0,1,1,1,1.000000,0.729215,473,209,0.566489,STAND LOCKED,,,,,,,,,,
172,5.733333,33.101,22.751,0,0,0,0.000000,0.000000,0.000000,0.000000,0.000000,0,0.000,0.000,NO BLACK,NO BUNDLE,0,0,0,,,,0,1,1,1,1.000000,0.719005,540,211,0.577281,STAND LOCKED,,,,,,,,,,
173,5.766667,34.522,23.396,0,0,0,0.000000,0.000000,0.000000,0.000000,0.000000,0,0.000,0.000,NO BLACK,NO BUNDLE,0,0,0,,,,0,1,1,1,1.000000,0.719005,540,211,0.577281,STAND LOCKED,,,,,,,,,,
174,5.800000,31.599,22.688,0,0,0,0.000000,0.000000,0.000000,0.000000,0.000000,0,0.000,0.000,NO BLACK,NO BUNDLE,0,0,0,,,,0,1,1,1,0.945000,0.751150,570,197,0.537068,STAND LOCKED,,,,,,,,,,
175,5.833333,31.182,23.630,0,0,0,0.000000,0.000000,0.000000,0.000000,0.000000,0,0.000,0.000,NO BLACK,NO BUNDLE,0,0,0,,,,0,1,1,1,0.945000,0.751150,570,197,0.537068,STAND LOCKED,,,,,,,,,,
176,5.866667,30.435,23.035,0,0,0,0.000000,0.000000,0.000000,0.000000,0.000000,0,0.000,0.000,NO BLACK,NO BUNDLE,0,0,0,,,,0,1,1,1,1.000000,0.755266,528,210,0.577028,STAND LOCKED,,,,,,,,,,
177,5.900000,32.731,23.761,0,0,0,0.000000,0.000000,0.000000,0.000000,0.000000,0,0.000,0.000,NO BLACK,NO BUNDLE,0,0,0,,,,0,1,1,1,1.000000,0.755266,528,210,0.577028,STAND LOCKED,,,,,,,,,,
178,5.933333,34.605,22.940,0,0,0,0.000000,0.000000,0.000000,0.000000,0.000000,0,0.000,0.000,NO BLACK,NO BUNDLE,0,0,0,,,,0,1,1,0,1.000000,0.755266,528,210,0.577028,STAND TARGET JUMP REJECTED,,,,,,,,,,
179,5.966667,34.885,23.439,0,0,0,0.000000,0.000000,0.000000,0.000000,0.000000,0,0.000,0.000,NO BLACK,NO BUNDLE,0,0,0,,,,0,1,1,0,1.000000,0.755266,528,210,0.577028,STAND TARGET JUMP REJECTED,,,,,,,,,,
180,6.000000,31.564,22.827,0,0,0,0.000000,0.000000,0.000000,0.000000,0.000000,0,0.000,0.000,NO BLACK,NO BUNDLE,0,0,0,,,,0,1,1,1,0.935833,0.808928,555,238,0.461329,STAND LOCKED,,,,,,,,,,
181,6.033333,30.328,23.850,0,0,0,0.000000,0.000000,0.000000,0.000000,0.000000,0,0.000,0.000,NO BLACK,NO BUNDLE,0,0,0,,,,0,1,1,1,0.935833,0.808928,555,238,0.461329,STAND LOCKED,,,,,,,,,,
182,6.066667,30.216,23.230,0,0,0,0.000000,0.000000,0.000000,0.000000,0.000000,0,0.000,0.000,NO BLACK,NO BUNDLE,0,0,0,,,,0,1,1,1,0.953846,0.796709,562,173,0.389404,STAND LOCKED,,,,,,,,,,
183,6.100000,33.523,23.940,0,0,0,0.000000,0.000000,0.000000,0.000000,0.000000,0,0.000,0.000,NO BLACK,NO BUNDLE,0,0,0,,,,0,1,1,1,0.953846,0.796709,562,173,0.389404,STAND LOCKED,,,,,,,,,,
184,6.133333,32.622,23.231,0,0,0,0.000000,0.000000,0.000000,0.000000,0.000000,0,0.000,0.000,NO BLACK,NO BUNDLE,0,0,0,,,,0,1,1,0,0.953846,0.796709,562,173,0.389404,STAND TARGET JUMP REJECTED,,,,,,,,,,
185,6.166667,28.604,24.571,0,0,0,0.000000,0.000000,0.000000,0.000000,0.000000,0,0.000,0.000,NO BLACK,NO BUNDLE,0,0,0,,,,0,1,1,0,0.953846,0.796709,562,173,0.389404,STAND TARGET JUMP REJECTED,,,,,,,,,,
186,6.200000,33.936,22.963,0,0,0,0.000000,0.000000,0.000000,0.000000,0.000000,0,0.000,0.000,NO BLACK,NO BUNDLE,0,0,0,,,,0,1,1,0,0.953846,0.796709,562,173,0.389404,STAND TEMPORARILY LOST (2),,,,,,,,,,
187,6.233333,32.167,23.865,0,0,0,0.000000,0.000000,0.000000,0.000000,0.000000,0,0.000,0.000,NO BLACK,NO BUNDLE,0,0,0,,,,0,1,1,0,0.953846,0.796709,562,173,0.389404,STAND TEMPORARILY LOST (2),,,,,,,,,,
188,6.266667,32.839,23.003,0,0,0,0.000000,0.000000,0.000000,0.000000,0.000000,0,0.000,0.000,NO BLACK,NO BUNDLE,0,0,0,,,,0,1,1,1,1.000000,0.769908,566,188,0.460162,STAND LOCKED,,,,,,,,,,
189,6.300000,30.214,24.110,0,0,0,0.000000,0.000000,0.000000,0.000000,0.000000,0,0.000,0.000,NO BLACK,NO BUNDLE,0,0,0,,,,0,1,1,1,1.000000,0.769908,566,188,0.460162,STAND LOCKED,,,,,,,,,,
190,6.333333,32.309,23.262,0,0,0,0.000000,0.000000,0.000000,0.000000,0.000000,0,0.000,0.000,NO BLACK,NO BUNDLE,0,0,0,,,,0,1,1,1,0.948270,0.813955,573,220,0.412559,STAND LOCKED,,,,,,,,,,
191,6.366667,32.411,24.067,0,0,0,0.000000,0.000000,0.000000,0.000000,0.000000,0,0.000,0.000,NO BLACK,NO BUNDLE,0,0,0,,,,0,1,1,1,0.948270,0.813955,573,220,0.412559,STAND LOCKED,,,,,,,,,,
192,6.400000,34.547,23.139,0,0,0,0.000000,0.000000,0.000000,0.000000,0.000000,0,0.000,0.000,NO BLACK,NO BUNDLE,0,0,0,,,,0,1,1,1,0.945000,0.835959,612,229,0.520999,STAND LOCKED,,,,,,,,,,
193,6.433333,34.661,23.702,0,0,0,0.000000,0.000000,0.000000,0.000000,0.000000,0,0.000,0.000,NO BLACK,NO BUNDLE,0,0,0,,,,0,1,1,1,0.945000,0.835959,612,229,0.520999,STAND LOCKED,,,,,,,,,,
194,6.466667,28.771,23.088,0,0,0,0.000000,0.000000,0.000000,0.000000,0.000000,0,0.000,0.000,NO BLACK,NO BUNDLE,0,0,0,,,,0,1,1,1,0.965675,0.819302,634,172,0.421602,STAND LOCKED,,,,,,,,,,
195,6.500000,32.031,23.987,0,0,0,0.000000,0.000000,0.000000,0.000000,0.000000,0,0.000,0.000,NO BLACK,NO BUNDLE,0,0,0,,,,0,1,1,1,0.965675,0.819302,634,172,0.421602,STAND LOCKED,,,,,,,,,,
196,6.533333,29.623,23.380,0,0,0,0.000000,0.000000,0.000000,0.000000,0.000000,0,0.000,0.000,NO BLACK,NO BUNDLE,0,0,0,,,,0,1,1,1,1.000000,0.775948,592,152,0.397499,STAND LOCKED,,,,,,,,,,
197,6.566667,34.591,23.844,0,0,0,0.000000,0.000000,0.000000,0.000000,0.000000,0,0.000,0.000,NO BLACK,NO BUNDLE,0,0,0,,,,0,1,1,1,1.000000,0.775948,592,152,0.397499,STAND LOCKED,,,,,,,,,,
198,6.600000,29.863,23.104,0,0,0,0.000000,0.000000,0.000000,0.000000,0.000000,0,0.000,0.000,NO BLACK,NO BUNDLE,0,0,0,,,,0,1,1,0,1.000000,0.775948,592,152,0.397499,STAND TARGET JUMP REJECTED,,,,,,,,,,
199,6.633333,32.823,23.838,0,0,0,0.000000,0.000000,0.000000,0.000000,0.000000,0,0.000,0.000,NO BLACK,NO BUNDLE,0,0,0,,,,0,1,1,0,1.000000,0.775948,592,152,0.397499,STAND TARGET JUMP REJECTED,,,,,,,,,,
200,6.666667,32.171,22.222,0,0,0,0.000000,0.000000,0.000000,0.000000,0.000000,0,0.000,0.000,NO BLACK,NO BUNDLE,0,0,0,,,,0,1,1,0,1.000000,0.775948,592,152,0.397499,STAND TARGET JUMP REJECTED,,,,,,,,,,
201,6.700000,30.635,23.436,0,0,0,0.000000,0.000000,0.000000,0.000000,0.000000,0,0.000,0.000,NO BLACK,NO BUNDLE,0,0,0,,,,0,1,1,0,1.000000,0.775948,592,152,0.397499,STAND TARGET JUMP REJECTED,,,,,,,,,,
202,6.733333,30.932,22.687,0,0,0,0.000000,0.000000,0.000000,0.000000,0.000000,0,0.000,0.000,NO BLACK,NO BUNDLE,0,0,0,,,,0,1,1,1,0.945000,0.758527,615,133,0.357624,STAND LOCKED,,,,,,,,,,
203,6.766667,31.427,23.476,121,0,0,0.736336,0.000000,0.000000,0.000000,0.000000,0,0.000,0.000,NO BLACK,NO BUNDLE,0,0,0,,,,0,1,1,1,0.945000,0.758527,615,133,0.357624,STAND LOCKED,,,,,,,,,,
204,6.800000,31.750,22.774,0,0,0,0.000000,0.000000,0.000000,0.000000,0.000000,0,0.000,0.000,NO BLACK,NO BUNDLE,0,0,0,,,,0,1,1,0,0.945000,0.758527,615,133,0.357624,STAND TEMPORARILY LOST (1),,,,,,,,,,
205,6.833333,31.535,23.765,0,0,0,0.000000,0.000000,0.000000,0.000000,0.000000,0,0.000,0.000,NO BLACK,NO BUNDLE,0,0,0,,,,0,1,1,0,0.945000,0.758527,615,133,0.357624,STAND TEMPORARILY LOST (1),,,,,,,,,,
206,6.866667,31.915,22.173,0,0,0,0.000000,0.000000,0.000000,0.000000,0.000000,0,0.000,0.000,NO BLACK,NO BUNDLE,0,0,0,,,,0,1,1,1,1.000000,0.827414,668,179,0.490931,STAND LOCKED,,,,,,,,,,
207,6.900000,36.809,22.580,0,0,10,0.000000,0.000000,0.716340,0.000000,0.000000,0,0.000,0.000,NO BLACK,NO BUNDLE,0,0,0,,,,0,1,1,1,1.000000,0.827414,668,179,0.490931,STAND LOCKED,,,,,,,,,,
208,6.933333,32.418,21.842,82,0,0,0.730485,0.000000,0.000000,0.000000,0.000000,0,0.000,0.000,NO BLACK,NO BUNDLE,0,0,0,,,,0,1,1,0,1.000000,0.827414,668,179,0.490931,STAND TARGET JUMP REJECTED,,,,,,,,,,
209,6.966667,31.893,22.894,0,0,1,0.000000,0.000000,0.710954,0.000000,0.000000,0,0.000,0.000,NO BLACK,NO BUNDLE,0,0,0,,,,0,1,1,0,1.000000,0.827414,668,179,0.490931,STAND TARGET JUMP REJECTED,,,,,,,,,,
210,7.000000,32.619,21.901,0,0,0,0.000000,0.000000,0.000000,0.000000,0.000000,0,0.000,0.000,NO BLACK,NO BUNDLE,0,0,0,,,,0,1,1,1,0.938612,0.779150,699,232,0.427169,STAND LOCKED,,,,,,,,,,
211,7.033333,31.631,23.003,0,0,0,0.000000,0.000000,0.000000,0.000000,0.000000,0,0.000,0.000,NO BLACK,NO BUNDLE,0,0,0,,,,0,1,1,1,0.938612,0.779150,699,232,0.427169,STAND LOCKED,,,,,,,,,,
212,7.066667,31.822,22.140,0,0,0,0.000000,0.000000,0.000000,0.000000,0.000000,0,0.000,0.000,NO BLACK,NO BUNDLE,0,0,0,,,,0,1,1,1,0.797195,0.800517,620,272,0.468754,STAND LOCKED,,,,,,,,,,
213,7.100000,35.383,22.685,0,0,0,0.000000,0.000000,0.000000,0.000000,0.000000,0,0.000,0.000,NO BLACK,NO BUNDLE,0,0,0,,,,0,1,1,1,0.797195,0.800517,620,272,0.468754,STAND LOCKED,,,,,,,,,,
214,7.133333,32.225,21.830,0,0,0,0.000000,0.000000,0.000000,0.000000,0.000000,0,0.000,0.000,NO BLACK,NO BUNDLE,0,0,0,,,,0,1,1,0,0.797195,0.800517,620,272,0.468754,STAND TEMPORARILY LOST (1),,,,,,,,,,
215,7.166667,31.748,22.928,0,0,0,0.000000,0.000000,0.000000,0.000000,0.000000,0,0.000,0.000,NO BLACK,NO BUNDLE,0,0,0,,,,0,1,1,0,0.797195,0.800517,620,272,0.468754,STAND TEMPORARILY LOST (1),,,,,,,,,,
216,7.200000,32.227,22.006,0,0,0,0.000000,0.000000,0.000000,0.000000,0.000000,0,0.000,0.000,NO BLACK,NO BUNDLE,0,0,0,,,,0,1,1,1,0.825765,0.893864,601,252,0.367536,STAND LOCKED,,,,,,,,,,
217,7.233333,31.782,22.978,0,0,0,0.000000,0.000000,0.000000,0.000000,0.000000,0,0.000,0.000,NO BLACK,NO BUNDLE,0,0,0,,,,0,1,1,1,0.825765,0.893864,601,252,0.367536,STAND LOCKED,,,,,,,,,,
218,7.266667,31.240,22.042,186,0,0,0.740845,0.000000,0.000000,0.000000,0.000000,0,0.000,0.000,NO BLACK,NO BUNDLE,0,0,0,,,,0,1,1,1,0.799119,0.893099,610,248,0.286086,STAND LOCKED,,,,,,,,,,
219,7.300000,34.553,22.766,15,0,0,0.721473,0.000000,0.000000,0.000000,0.000000,0,0.000,0.000,NO BLACK,NO BUNDLE,0,0,0,,,,0,1,1,1,0.799119,0.893099,610,248,0.286086,STAND LOCKED,,,,,,,,,,
220,7.333333,30.675,21.651,215,0,6,0.759138,0.000000,0.730410,0.000000,0.000000,0,0.000,0.000,NO BLACK,NO BUNDLE,0,0,0,,,,0,1,1,1,0.945000,0.810837,626,280,0.293739,STAND LOCKED,,,,,,,,,,
221,7.366667,32.663,22.575,320,0,40,0.787619,0.000000,0.748686,0.000000,0.000000,0,0.000,0.000,NO LASHING,NO BUNDLE,0,0,0,,,,0,1,1,1,0.945000,0.810837,626,280,0.293739,STAND LOCKED,,,,,,,,,,
222,7.400000,30.044,21.973,488,0,0,0.823863,0.000000,0.000000,0.000000,0.000000,0,0.000,0.000,NO LASHING,NO BUNDLE,0,0,0,,,,0,1,1,0,0.945000,0.810837,626,280,0.293739,STAND TEMPORARILY LOST (1),,,,,,,,,,
223,7.433333,31.666,23.047,257,0,91,0.777527,0.000000,0.811614,0.000000,0.000000,0,0.000,0.000,NO LASHING,NO BUNDLE,0,0,0,,,,0,1,1,0,0.945000,0.810837,626,280,0.293739,STAND TEMPORARILY LOST (1),,,,,,,,,,
224,7.466667,31.792,22.303,115,0,0,0.744786,0.000000,0.000000,0.000000,0.000000,0,0.000,0.000,NO BLACK,NO BUNDLE,0,0,0,,,,0,1,1,1,0.817041,0.914877,576,218,0.263571,STAND LOCKED,,,,,,,,,,
225,7.500000,33.581,23.105,128,0,0,0.751795,0.000000,0.000000,0.000000,0.000000,0,0.000,0.000,NO BLACK,NO BUNDLE,0,0,0,,,,0,1,1,1,0.817041,0.914877,576,218,0.263571,STAND LOCKED,,,,,,,,,,
226,7.533333,30.875,22.120,19,0,0,0.724530,0.000000,0.000000,0.000000,0.000000,0,0.000,0.000,NO BLACK,NO BUNDLE,0,0,0,,,,0,1,1,1,0.936923,0.961694,554,184,0.322565,STAND LOCKED,,,,,,,,,,
227,7.566667,31.338,23.017,0,0,0,0.000000,0.000000,0.000000,0.000000,0.000000,0,0.000,0.000,NO BLACK,NO BUNDLE,0,0,0,,,,0,1,1,1,0.936923,0.961694,554,184,0.322565,STAND LOCKED,,,,,,,,,,
228,7.600000,30.959,21.900,0,0,0,0.000000,0.000000,0.000000,0.000000,0.000000,0,0.000,0.000,NO BLACK,NO BUNDLE,0,0,0,,,,0,1,1,1,0.991923,0.982762,560,180,0.336891,STAND LOCKED,,,,,,,,,,
229,7.633333,32.692,22.848,0,0,0,0.000000,0.000000,0.000000,0.000000,0.000000,0,0.000,0.000,NO BLACK,NO BUNDLE,0,0,0,,,,0,1,1,1,0.991923,0.982762,560,180,0.336891,STAND LOCKED,,,,,,,,,,
230,7.666667,29.855,21.877,0,0,0,0.000000,0.000000,0.000000,0.000000,0.000000,0,0.000,0.000,NO BLACK,NO BUNDLE,0,0,0,,,,0,1,1,0,0.991923,0.982762,560,180,0.336891,STAND TEMPORARILY LOST (1),,,,,,,,,,
231,7.700000,33.638,22.712,0,0,0,0.000000,0.000000,0.000000,0.000000,0.000000,0,0.000,0.000,NO BLACK,NO BUNDLE,0,0,0,,,,0,1,1,0,0.991923,0.982762,560,180,0.336891,STAND TEMPORARILY LOST (1),,,,,,,,,,
232,7.733333,32.985,21.558,0,0,0,0.000000,0.000000,0.000000,0.000000,0.000000,0,0.000,0.000,NO BLACK,NO BUNDLE,0,0,0,,,,0,1,1,1,0.945000,0.876923,630,191,0.454865,STAND LOCKED,,,,,,,,,,
233,7.766667,31.781,22.397,0,0,0,0.000000,0.000000,0.000000,0.000000,0.000000,0,0.000,0.000,NO BLACK,NO BUNDLE,0,0,0,,,,0,1,1,1,0.945000,0.876923,630,191,0.454865,STAND LOCKED,,,,,,,,,,
234,7.800000,31.927,21.396,0,0,0,0.000000,0.000000,0.000000,0.000000,0.000000,0,0.000,0.000,NO BLACK,NO BUNDLE,0,0,0,,,,0,1,1,1,0.876403,0.834800,662,275,0.370453,STAND LOCKED,,,,,,,,,,
235,7.833333,31.956,22.503,0,0,0,0.000000,0.000000,0.000000,0.000000,0.000000,0,0.000,0.000,NO BLACK,NO BUNDLE,0,0,0,,,,0,1,1,1,0.876403,0.834800,662,275,0.370453,STAND LOCKED,,,,,,,,,,
236,7.866667,30.172,21.494,0,0,0,0.000000,0.000000,0.000000,0.000000,0.000000,0,0.000,0.000,NO BLACK,NO BUNDLE,0,0,0,,,,0,1,1,1,0.804889,0.862966,740,314,0.408857,STAND LOCKED,,,,,,,,,,
237,7.900000,32.660,22.550,0,0,0,0.000000,0.000000,0.000000,0.000000,0.000000,0,0.000,0.000,NO BLACK,NO BUNDLE,0,0,0,,,,0,1,1,1,0.804889,0.862966,740,314,0.408857,STAND LOCKED,,,,,,,,,,
238,7.933333,34.095,21.405,0,0,0,0.000000,0.000000,0.000000,0.000000,0.000000,0,0.000,0.000,NO BLACK,NO BUNDLE,0,0,0,,,,0,1,1,1,0.873974,0.769803,792,320,0.490305,STAND LOCKED,,,,,,,,,,
239,7.966667,32.625,22.414,0,0,0,0.000000,0.000000,0.000000,0.000000,0.000000,0,0.000,0.000,NO BLACK,NO BUNDLE,0,0,0,,,,0,1,1,1,0.873974,0.769803,792,320,0.490305,STAND LOCKED,,,,,,,,,,
240,8.000000,34.640,21.049,0,0,0,0.000000,0.000000,0.000000,0.000000,0.000000,0,0.000,0.000,NO BLACK,NO BUNDLE,0,0,0,,,,0,1,1,1,0.947570,0.759949,791,314,0.575082,STAND LOCKED,,,,,,,,,,
241,8.033333,36.504,21.505,0,0,0,0.000000,0.000000,0.000000,0.000000,0.000000,0,0.000,0.000,NO BLACK,NO BUNDLE,0,0,0,,,,0,1,1,1,0.947570,0.759949,791,314,0.575082,STAND LOCKED,,,,,,,,,,
242,8.066667,32.435,20.399,0,0,0,0.000000,0.000000,0.000000,0.000000,0.000000,0,0.000,0.000,NO BLACK,NO BUNDLE,0,0,0,,,,0,1,1,1,0.921667,0.736156,748,278,0.558231,STAND LOCKED,,,,,,,,,,
243,8.100000,35.737,21.202,0,0,0,0.000000,0.000000,0.000000,0.000000,0.000000,0,0.000,0.000,NO BLACK,NO BUNDLE,0,0,0,,,,0,1,1,1,0.921667,0.736156,748,278,0.558231,STAND LOCKED,,,,,,,,,,
244,8.133333,31.685,20.313,0,0,0,0.000000,0.000000,0.000000,0.000000,0.000000,0,0.000,0.000,NO BLACK,NO BUNDLE,0,0,0,,,,0,1,1,1,0.817980,0.718504,609,297,0.591135,STAND LOCKED,,,,,,,,,,
245,8.166667,32.484,21.509,0,0,0,0.000000,0.000000,0.000000,0.000000,0.000000,0,0.000,0.000,NO BLACK,NO BUNDLE,0,0,0,,,,0,1,1,1,0.817980,0.718504,609,297,0.591135,STAND LOCKED,,,,,,,,,,
246,8.200000,30.808,20.408,0,0,0,0.000000,0.000000,0.000000,0.000000,0.000000,0,0.000,0.000,NO BLACK,NO BUNDLE,0,0,0,,,,0,1,1,0,0.817980,0.718504,609,297,0.591135,STAND TARGET JUMP REJECTED,,,,,,,,,,
247,8.233333,33.308,21.532,0,0,0,0.000000,0.000000,0.000000,0.000000,0.000000,0,0.000,0.000,NO BLACK,NO BUNDLE,0,0,0,,,,0,1,1,0,0.817980,0.718504,609,297,0.591135,STAND TARGET JUMP REJECTED,,,,,,,,,,
248,8.266667,32.501,20.367,0,0,0,0.000000,0.000000,0.000000,0.000000,0.000000,0,0.000,0.000,NO BLACK,NO BUNDLE,0,0,0,,,,0,1,1,1,0.933598,0.748378,608,255,0.462330,STAND LOCKED,,,,,,,,,,
249,8.300000,35.079,21.260,0,0,0,0.000000,0.000000,0.000000,0.000000,0.000000,0,0.000,0.000,NO BLACK,NO BUNDLE,0,0,0,,,,0,1,1,1,0.933598,0.748378,608,255,0.462330,STAND LOCKED,,,,,,,,,,
250,8.333333,31.623,20.342,0,0,0,0.000000,0.000000,0.000000,0.000000,0.000000,0,0.000,0.000,NO BLACK,NO BUNDLE,0,0,0,,,,0,1,1,1,0.937381,0.850934,621,215,0.374576,STAND LOCKED,,,,,,,,,,
251,8.366667,31.827,21.654,0,0,0,0.000000,0.000000,0.000000,0.000000,0.000000,0,0.000,0.000,NO BLACK,NO BUNDLE,0,0,0,,,,0,1,1,1,0.937381,0.850934,621,215,0.374576,STAND LOCKED,,,,,,,,,,
252,8.400000,30.821,20.850,0,0,0,0.000000,0.000000,0.000000,0.000000,0.000000,0,0.000,0.000,NO BLACK,NO BUNDLE,0,0,0,,,,0,1,1,1,0.945000,0.874886,627,171,0.353420,STAND LOCKED,,,,,,,,,,
253,8.433333,35.794,21.546,0,0,0,0.000000,0.000000,0.000000,0.000000,0.000000,0,0.000,0.000,NO BLACK,NO BUNDLE,0,0,0,,,,0,1,1,1,0.945000,0.874886,627,171,0.353420,STAND LOCKED,,,,,,,,,,
254,8.466667,28.852,20.650,0,0,0,0.000000,0.000000,0.000000,0.000000,0.000000,0,0.000,0.000,NO BLACK,NO BUNDLE,0,0,0,,,,0,1,1,1,0.945000,0.886878,631,167,0.409595,STAND LOCKED,,,,,,,,,,
255,8.500000,31.932,21.610,0,0,0,0.000000,0.000000,0.000000,0.000000,0.000000,0,0.000,0.000,NO BLACK,NO BUNDLE,0,0,0,,,,0,1,1,1,0.945000,0.886878,631,167,0.409595,STAND LOCKED,,,,,,,,,,
256,8.533333,32.836,20.673,59,0,0,0.758307,0.000000,0.000000,0.000000,0.000000,0,0.000,0.000,NO BLACK,NO BUNDLE,0,0,0,,,,0,1,1,1,0.945000,0.916634,652,208,0.334040,STAND LOCKED,,,,,,,,,,
257,8.566667,32.116,21.834,0,0,0,0.000000,0.000000,0.000000,0.000000,0.000000,0,0.000,0.000,NO BLACK,NO BUNDLE,0,0,0,,,,0,1,1,1,0.945000,0.916634,652,208,0.334040,STAND LOCKED,,,,,,,,,,
258,8.600000,29.757,20.935,0,0,0,0.000000,0.000000,0.000000,0.000000,0.000000,0,0.000,0.000,NO BLACK,NO BUNDLE,0,0,0,,,,0,1,1,1,1.000000,0.911699,663,226,0.390179,STAND LOCKED,,,,,,,,,,
259,8.633333,31.356,22.164,0,0,0,0.000000,0.000000,0.000000,0.000000,0.000000,0,0.000,0.000,NO BLACK,NO BUNDLE,0,0,0,,,,0,1,1,1,1.000000,0.911699,663,226,0.390179,STAND LOCKED,,,,,,,,,,
260,8.666667,32.766,21.079,0,0,0,0.000000,0.000000,0.000000,0.000000,0.000000,0,0.000,0.000,NO BLACK,NO BUNDLE,0,0,0,,,,0,1,1,1,0.945000,0.800080,676,236,0.442178,STAND LOCKED,,,,,,,,,,
261,8.700000,33.087,21.925,0,0,0,0.000000,0.000000,0.000000,0.000000,0.000000,0,0.000,0.000,NO BLACK,NO BUNDLE,0,0,0,,,,0,1,1,1,0.945000,0.800080,676,236,0.442178,STAND LOCKED,,,,,,,,,,
262,8.733333,32.136,20.821,0,0,0,0.000000,0.000000,0.000000,0.000000,0.000000,0,0.000,0.000,NO BLACK,NO BUNDLE,0,0,0,,,,0,1,1,1,1.000000,0.724111,651,239,0.567938,STAND LOCKED,,,,,,,,,,
263,8.766667,35.332,21.639,0,0,0,0.000000,0.000000,0.000000,0.000000,0.000000,0,0.000,0.000,NO BLACK,NO BUNDLE,0,0,0,,,,0,1,1,1,1.000000,0.724111,651,239,0.567938,STAND LOCKED,,,,,,,,,,
264,8.800000,31.651,20.682,0,0,0,0.000000,0.000000,0.000000,0.000000,0.000000,0,0.000,0.000,NO BLACK,NO BUNDLE,0,0,0,,,,0,1,1,1,1.000000,0.764821,637,256,0.662725,STAND LOCKED,,,,,,,,,,
265,8.833333,36.415,21.378,0,0,0,0.000000,0.000000,0.000000,0.000000,0.000000,0,0.000,0.000,NO BLACK,NO BUNDLE,0,0,0,,,,0,1,1,1,1.000000,0.764821,637,256,0.662725,STAND LOCKED,,,,,,,,,,
266,8.866667,29.844,20.491,0,0,0,0.000000,0.000000,0.000000,0.000000,0.000000,0,0.000,0.000,NO BLACK,NO BUNDLE,0,0,0,,,,0,1,1,1,0.934295,0.756462,603,293,0.646560,STAND LOCKED,,,,,,,,,,
267,8.900000,33.011,21.655,0,0,0,0.000000,0.000000,0.000000,0.000000,0.000000,0,0.000,0.000,NO BLACK,NO BUNDLE,0,0,0,,,,0,1,1,1,0.934295,0.756462,603,293,0.646560,STAND LOCKED,,,,,,,,,,
268,8.933333,30.942,20.597,0,0,0,0.000000,0.000000,0.000000,0.000000,0.000000,0,0.000,0.000,NO BLACK,NO BUNDLE,0,0,0,,,,0,1,1,1,0.873709,0.821926,572,259,0.494146,STAND LOCKED,,,,,,,,,,
269,8.966667,33.946,21.437,0,0,0,0.000000,0.000000,0.000000,0.000000,0.000000,0,0.000,0.000,NO BLACK,NO BUNDLE,0,0,0,,,,0,1,1,1,0.873709,0.821926,572,259,0.494146,STAND LOCKED,,,,,,,,,,
270,9.000000,32.501,20.446,0,0,0,0.000000,0.000000,0.000000,0.000000,0.000000,0,0.000,0.000,NO BLACK,NO BUNDLE,0,0,0,,,,0,1,1,1,1.000000,0.808091,573,223,0.511116,STAND LOCKED,,,,,,,,,,
271,9.033333,30.517,21.919,0,0,0,0.000000,0.000000,0.000000,0.000000,0.000000,0,0.000,0.000,NO BLACK,NO BUNDLE,0,0,0,,,,0,1,1,1,1.000000,0.808091,573,223,0.511116,STAND LOCKED,,,,,,,,,,
272,9.066667,39.259,20.736,0,0,0,0.000000,0.000000,0.000000,0.000000,0.000000,0,0.000,0.000,NO BLACK,NO BUNDLE,0,0,0,,,,0,1,1,1,0.874582,0.824029,531,206,0.364447,STAND LOCKED,,,,,,,,,,
273,9.100000,33.011,21.595,0,0,0,0.000000,0.000000,0.000000,0.000000,0.000000,0,0.000,0.000,NO BLACK,NO BUNDLE,0,0,0,,,,0,1,1,1,0.874582,0.824029,531,206,0.364447,STAND LOCKED,,,,,,,,,,
274,9.133333,37.406,20.594,0,0,0,0.000000,0.000000,0.000000,0.000000,0.000000,0,0.000,0.000,NO BLACK,NO BUNDLE,0,0,0,,,,0,1,1,1,0.854060,0.917480,659,157,0.336640,STAND LOCKED,,,,,,,,,,
275,9.166667,37.207,21.246,0,0,0,0.000000,0.000000,0.000000,0.000000,0.000000,0,0.000,0.000,NO BLACK,NO BUNDLE,0,0,0,,,,0,1,1,1,0.854060,0.917480,659,157,0.336640,STAND LOCKED,,,,,,,,,,
276,9.200000,34.205,20.544,0,0,0,0.000000,0.000000,0.000000,0.000000,0.000000,0,0.000,0.000,NO BLACK,NO BUNDLE,0,0,0,,,,0,1,1,1,0.926538,0.947917,647,175,0.433363,STAND LOCKED,,,,,,,,,,
277,9.233333,34.611,21.308,0,0,0,0.000000,0.000000,0.000000,0.000000,0.000000,0,0.000,0.000,NO BLACK,NO BUNDLE,0,0,0,,,,0,1,1,1,0.926538,0.947917,647,175,0.433363,STAND LOCKED,,,,,,,,,,
278,9.266667,30.545,20.541,0,0,0,0.000000,0.000000,0.000000,0.000000,0.000000,0,0.000,0.000,NO BLACK,NO BUNDLE,0,0,0,,,,0,1,1,1,0.945000,0.867201,686,209,0.434111,STAND LOCKED,,,,,,,,,,
279,9.300000,35.399,21.275,0,0,0,0.000000,0.000000,0.000000,0.000000,0.000000,0,0.000,0.000,NO BLACK,NO BUNDLE,0,0,0,,,,0,1,1,1,0.945000,0.867201,686,209,0.434111,STAND LOCKED,,,,,,,,,,
280,9.333333,36.383,20.364,0,0,0,0.000000,0.000000,0.000000,0.000000,0.000000,0,0.000,0.000,NO BLACK,NO BUNDLE,0,0,0,,,,0,1,1,0,0.945000,0.867201,686,209,0.434111,STAND TEMPORARILY LOST (1),,,,,,,,,,
281,9.366667,37.047,20.939,0,0,0,0.000000,0.000000,0.000000,0.000000,0.000000,0,0.000,0.000,NO BLACK,NO BUNDLE,0,0,0,,,,0,1,1,0,0.945000,0.867201,686,209,0.434111,STAND TEMPORARILY LOST (1),,,,,,,,,,
282,9.400000,33.661,20.239,0,0,0,0.000000,0.000000,0.000000,0.000000,0.000000,0,0.000,0.000,NO BLACK,NO BUNDLE,0,0,0,,,,0,1,1,1,0.952151,0.908351,612,212,0.506253,STAND LOCKED,,,,,,,,,,
283,9.433333,36.671,20.999,0,0,0,0.000000,0.000000,0.000000,0.000000,0.000000,0,0.000,0.000,NO BLACK,NO BUNDLE,0,0,0,,,,0,1,1,1,0.952151,0.908351,612,212,0.506253,STAND LOCKED,,,,,,,,,,
284,9.466667,34.305,20.066,0,0,0,0.000000,0.000000,0.000000,0.000000,0.000000,0,0.000,0.000,NO BLACK,NO BUNDLE,0,0,0,,,,0,1,1,1,0.988993,0.876152,562,288,0.446286,STAND LOCKED,,,,,,,,,,
285,9.500000,34.580,21.002,0,0,0,0.000000,0.000000,0.000000,0.000000,0.000000,0,0.000,0.000,NO BLACK,NO BUNDLE,0,0,0,,,,0,1,1,1,0.988993,0.876152,562,288,0.446286,STAND LOCKED,,,,,,,,,,
286,9.533333,35.031,20.048,0,0,0,0.000000,0.000000,0.000000,0.000000,0.000000,0,0.000,0.000,NO BLACK,NO BUNDLE,0,0,0,,,,0,1,1,1,1.000000,0.808679,532,334,0.465898,STAND LOCKED,,,,,,,,,,
287,9.566667,36.228,20.869,0,0,0,0.000000,0.000000,0.000000,0.000000,0.000000,0,0.000,0.000,NO BLACK,NO BUNDLE,0,0,0,,,,0,1,1,1,1.000000,0.808679,532,334,0.465898,STAND LOCKED,,,,,,,,,,
288,9.600000,35.433,19.911,0,0,0,0.000000,0.000000,0.000000,0.000000,0.000000,0,0.000,0.000,NO BLACK,NO BUNDLE,0,0,0,,,,0,1,1,1,0.945000,0.880386,541,280,0.440349,STAND LOCKED,,,,,,,,,,
289,9.633333,37.092,20.685,0,0,0,0.000000,0.000000,0.000000,0.000000,0.000000,0,0.000,0.000,NO BLACK,NO BUNDLE,0,0,0,,,,0,1,1,1,0.945000,0.880386,541,280,0.440349,STAND LOCKED,,,,,,,,,,
290,9.666667,29.515,19.874,0,0,0,0.000000,0.000000,0.000000,0.000000,0.000000,0,0.000,0.000,NO BLACK,NO BUNDLE,0,0,0,,,,0,1,1,1,0.945000,0.831345,519,290,0.563296,STAND LOCKED,,,,,,,,,,
291,9.700000,36.048,20.712,0,0,0,0.000000,0.000000,0.000000,0.000000,0.000000,0,0.000,0.000,NO BLACK,NO BUNDLE,0,0,0,,,,0,1,1,1,0.945000,0.831345,519,290,0.563296,STAND LOCKED,,,,,,,,,,
292,9.733333,32.757,19.769,0,0,0,0.000000,0.000000,0.000000,0.000000,0.000000,0,0.000,0.000,NO BLACK,NO BUNDLE,0,0,0,,,,0,1,1,1,1.000000,0.832438,529,287,0.678205,STAND LOCKED,,,,,,,,,,
293,9.766667,32.387,21.022,0,0,0,0.000000,0.000000,0.000000,0.000000,0.000000,0,0.000,0.000,NO BLACK,NO BUNDLE,0,0,0,,,,0,1,1,1,1.000000,0.832438,529,287,0.678205,STAND LOCKED,,,,,,,,,,
294,9.800000,32.279,20.064,0,0,0,0.000000,0.000000,0.000000,0.000000,0.000000,0,0.000,0.000,NO BLACK,NO BUNDLE,0,0,0,,,,0,1,1,1,0.945000,0.881765,533,253,0.633665,STAND LOCKED,,,,,,,,,,
295,9.833333,34.977,20.901,0,0,0,0.000000,0.000000,0.000000,0.000000,0.000000,0,0.000,0.000,NO BLACK,NO BUNDLE,0,0,0,,,,0,1,1,1,0.945000,0.881765,533,253,0.633665,STAND LOCKED,,,,,,,,,,
296,9.866667,31.550,20.116,0,0,0,0.000000,0.000000,0.000000,0.000000,0.000000,0,0.000,0.000,NO BLACK,NO BUNDLE,0,0,0,,,,0,1,1,1,0.764560,0.784381,634,344,0.547927,STAND LOCKED,,,,,,,,,,
297,9.900000,33.403,21.252,0,0,0,0.000000,0.000000,0.000000,0.000000,0.000000,0,0.000,0.000,NO BLACK,NO BUNDLE,0,0,0,,,,0,1,1,1,0.764560,0.784381,634,344,0.547927,STAND LOCKED,,,,,,,,,,
298,9.933333,34.154,20.272,0,0,0,0.000000,0.000000,0.000000,0.000000,0.000000,0,0.000,0.000,NO BLACK,NO BUNDLE,0,0,0,,,,0,1,1,0,0.764560,0.784381,634,344,0.547927,STAND TEMPORARILY LOST (1),,,,,,,,,,
299,9.966667,34.800,21.117,0,0,0,0.000000,0.000000,0.000000,0.000000,0.000000,0,0.000,0.000,NO BLACK,NO BUNDLE,0,0,0,,,,0,1,1,0,0.764560,0.784381,634,344,0.547927,STAND TEMPORARILY LOST (1),,,,,,,,,,
300,10.000000,30.162,20.306,0,0,0,0.000000,0.000000,0.000000,0.000000,0.000000,0,0.000,0.000,NO BLACK,NO BUNDLE,0,0,0,,,,0,1,1,1,0.939523,0.826301,600,300,0.442123,STAND LOCKED,,,,,,,,,,
301,10.033333,32.001,21.557,0,0,0,0.000000,0.000000,0.000000,0.000000,0.000000,0,0.000,0.000,NO BLACK,NO BUNDLE,0,0,0,,,,0,1,1,1,0.939523,0.826301,600,300,0.442123,STAND LOCKED,,,,,,,,,,
302,10.066667,29.340,20.709,0,0,12,0.000000,0.000000,0.769463,0.000000,0.000000,0,0.000,0.000,NO BLACK,NO BUNDLE,0,0,0,,,,0,1,1,0,0.939523,0.826301,600,300,0.442123,STAND TARGET JUMP REJECTED,,,,,,,,,,
303,10.100000,33.210,21.800,0,0,0,0.000000,0.000000,0.000000,0.000000,0.000000,0,0.000,0.000,NO BLACK,NO BUNDLE,0,0,0,,,,0,1,1,0,0.939523,0.826301,600,300,0.442123,STAND TARGET JUMP REJECTED,,,,,,,,,,
304,10.133333,31.647,20.859,0,0,0,0.000000,0.000000,0.000000,0.000000,0.000000,0,0.000,0.000,NO BLACK,NO BUNDLE,0,0,0,,,,0,1,1,1,0.865584,0.805986,608,332,0.354025,STAND LOCKED,,,,,,,,,,
305,10.166667,31.889,22.112,0,0,0,0.000000,0.000000,0.000000,0.000000,0.000000,0,0.000,0.000,NO BLACK,NO BUNDLE,0,0,0,,,,0,1,1,1,0.865584,0.805986,608,332,0.354025,STAND LOCKED,,,,,,,,,,
306,10.200000,32.132,21.286,0,0,0,0.000000,0.000000,0.000000,0.000000,0.000000,0,0.000,0.000,NO BLACK,NO BUNDLE,0,0,0,,,,0,1,1,1,1.000000,0.827278,659,359,0.411394,STAND LOCKED,,,,,,,,,,
307,10.233333,31.753,22.397,0,0,0,0.000000,0.000000,0.000000,0.000000,0.000000,0,0.000,0.000,NO BLACK,NO BUNDLE,0,0,0,,,,0,1,1,1,1.000000,0.827278,659,359,0.411394,STAND LOCKED,,,,,,,,,,
308,10.266667,31.226,21.678,0,0,0,0.000000,0.000000,0.000000,0.000000,0.000000,0,0.000,0.000,NO BLACK,NO BUNDLE,0,0,0,,,,0,1,1,1,0.903156,0.886521,647,316,0.309641,STAND LOCKED,,,,,,,,,,
309,10.300000,31.759,22.760,0,0,0,0.000000,0.000000,0.000000,0.000000,0.000000,0,0.000,0.000,NO BLACK,NO BUNDLE,0,0,0,,,,0,1,1,1,0.903156,0.886521,647,316,0.309641,STAND LOCKED,,,,,,,,,,
310,10.333333,32.052,21.923,0,0,0,0.000000,0.000000,0.000000,0.000000,0.000000,0,0.000,0.000,NO BLACK,NO BUNDLE,0,0,0,,,,0,1,1,0,0.903156,0.886521,647,316,0.309641,STAND TEMPORARILY LOST (1),,,,,,,,,,
311,10.366667,32.237,22.889,0,0,0,0.000000,0.000000,0.000000,0.000000,0.000000,0,0.000,0.000,NO BLACK,NO BUNDLE,0,0,0,,,,0,1,1,0,0.903156,0.886521,647,316,0.309641,STAND TEMPORARILY LOST (1),,,,,,,,,,
312,10.400000,32.050,21.073,0,0,0,0.000000,0.000000,0.000000,0.000000,0.000000,0,0.000,0.000,NO BLACK,NO BUNDLE,0,0,0,,,,0,1,1,1,0.816858,0.803019,791,364,0.402116,STAND LOCKED,,,,,,,,,,
313,10.433333,35.882,21.781,0,0,0,0.000000,0.000000,0.000000,0.000000,0.000000,0,0.000,0.000,NO BLACK,NO BUNDLE,0,0,0,,,,0,1,1,1,0.816858,0.803019,791,364,0.402116,STAND LOCKED,,,,,,,,,,
314,10.466667,31.310,20.897,0,0,0,0.000000,0.000000,0.000000,0.000000,0.000000,0,0.000,0.000,NO BLACK,NO BUNDLE,0,0,0,,,,0,1,1,1,0.882562,0.809166,781,375,0.323036,STAND LOCKED,,,,,,,,,,
315,10.500000,33.014,21.856,0,0,0,0.000000,0.000000,0.000000,0.000000,0.000000,0,0.000,0.000,NO BLACK,NO BUNDLE,0,0,0,,,,0,1,1,1,0.882562,0.809166,781,375,0.323036,STAND LOCKED,,,,,,,,,,
316,10.533333,33.936,21.064,256,0,0,0.752850,0.000000,0.000000,0.000000,0.000000,0,0.000,0.000,NO LASHING,NO BUNDLE,0,0,0,,,,0,1,1,1,0.958270,0.752599,708,377,0.434116,STAND LOCKED,,,,,,,,,,
317,10.566667,34.779,21.716,0,0,0,0.000000,0.000000,0.000000,0.000000,0.000000,0,0.000,0.000,NO BLACK,NO BUNDLE,0,0,0,,,,0,1,1,1,0.958270,0.752599,708,377,0.434116,STAND LOCKED,,,,,,,,,,
318,10.600000,33.272,20.892,0,0,0,0.000000,0.000000,0.000000,0.000000,0.000000,0,0.000,0.000,NO BLACK,NO BUNDLE,0,0,0,,,,0,1,1,1,0.856410,0.733466,751,391,0.455838,STAND LOCKED,,,,,,,,,,
319,10.633333,33.711,21.821,0,0,0,0.000000,0.000000,0.000000,0.000000,0.000000,0,0.000,0.000,NO BLACK,NO BUNDLE,0,0,0,,,,0,1,1,1,0.856410,0.733466,751,391,0.455838,STAND LOCKED,,,,,,,,,,
320,10.666667,32.129,21.253,0,0,0,0.000000,0.000000,0.000000,0.000000,0.000000,0,0.000,0.000,NO BLACK,NO BUNDLE,0,0,0,,,,0,1,1,1,0.789440,0.727065,638,403,0.459502,STAND LOCKED,,,,,,,,,,
321,10.700000,32.340,22.292,0,0,0,0.000000,0.000000,0.000000,0.000000,0.000000,0,0.000,0.000,NO BLACK,NO BUNDLE,0,0,0,,,,0,1,1,1,0.789440,0.727065,638,403,0.459502,STAND LOCKED,,,,,,,,,,
322,10.733333,33.260,21.281,0,0,0,0.000000,0.000000,0.000000,0.000000,0.000000,0,0.000,0.000,NO BLACK,NO BUNDLE,0,0,0,,,,0,1,1,0,0.789440,0.727065,638,403,0.459502,STAND TEMPORARILY LOST (1),,,,,,,,,,
323,10.766667,31.936,22.341,0,0,0,0.000000,0.000000,0.000000,0.000000,0.000000,0,0.000,0.000,NO BLACK,NO BUNDLE,0,0,0,,,,0,1,1,0,0.789440,0.727065,638,403,0.459502,STAND TEMPORARILY LOST (1),,,,,,,,,,
324,10.800000,29.438,21.558,0,0,0,0.000000,0.000000,0.000000,0.000000,0.000000,0,0.000,0.000,NO BLACK,NO BUNDLE,0,0,0,,,,0,1,1,1,0.772600,0.767644,630,388,0.325943,STAND LOCKED,,,,,,,,,,
325,10.833333,31.776,22.655,0,0,0,0.000000,0.000000,0.000000,0.000000,0.000000,0,0.000,0.000,NO BLACK,NO BUNDLE,0,0,0,,,,0,1,1,1,0.772600,0.767644,630,388,0.325943,STAND LOCKED,,,,,,,,,,
326,10.866667,28.590,21.955,0,0,0,0.000000,0.000000,0.000000,0.000000,0.000000,0,0.000,0.000,NO BLACK,NO BUNDLE,0,0,0,,,,0,1,1,1,0.905833,0.722824,578,404,0.433896,STAND LOCKED,,,,,,,,,,
327,10.900000,32.899,22.916,0,0,0,0.000000,0.000000,0.000000,0.000000,0.000000,0,0.000,0.000,NO BLACK,NO BUNDLE,0,0,0,,,,0,1,1,1,0.905833,0.722824,578,404,0.433896,STAND LOCKED,,,,,,,,,,
328,10.933333,31.694,22.015,69,0,0,0.778073,0.000000,0.000000,0.000000,0.000000,0,0.000,0.000,NO BLACK,NO BUNDLE,0,0,0,,,,0,1,1,1,0.945000,0.729060,599,418,0.464906,STAND LOCKED,,,,,,,,,,
329,10.966667,30.850,23.072,0,0,0,0.000000,0.000000,0.000000,0.000000,0.000000,0,0.000,0.000,NO BLACK,NO BUNDLE,0,0,0,,,,0,1,1,1,0.945000,0.729060,599,418,0.464906,STAND LOCKED,,,,,,,,,,
330,11.000000,34.092,22.268,0,0,0,0.000000,0.000000,0.000000,0.000000,0.000000,0,0.000,0.000,NO BLACK,NO BUNDLE,0,0,0,,,,0,1,1,1,0.945000,0.753406,581,350,0.407819,STAND LOCKED,,,,,,,,,,
331,11.033333,33.017,23.032,0,0,0,0.000000,0.000000,0.000000,0.000000,0.000000,0,0.000,0.000,NO BLACK,NO BUNDLE,0,0,0,,,,0,1,1,1,0.945000,0.753406,581,350,0.407819,STAND LOCKED,,,,,,,,,,
332,11.066667,32.076,22.265,0,0,0,0.000000,0.000000,0.000000,0.000000,0.000000,0,0.000,0.000,NO BLACK,NO BUNDLE,0,0,0,,,,0,1,1,1,0.848277,0.775691,457,394,0.434074,STAND LOCKED,,,,,,,,,,
333,11.100000,34.772,22.861,0,0,0,0.000000,0.000000,0.000000,0.000000,0.000000,0,0.000,0.000,NO BLACK,NO BUNDLE,0,0,0,,,,0,1,1,1,0.848277,0.775691,457,394,0.434074,STAND LOCKED,,,,,,,,,,
334,11.133333,32.928,21.885,0,0,0,0.000000,0.000000,0.000000,0.000000,0.000000,0,0.000,0.000,NO BLACK,NO BUNDLE,0,0,0,,,,0,1,1,0,0.848277,0.775691,457,394,0.434074,STAND TARGET JUMP REJECTED,,,,,,,,,,
335,11.166667,35.588,22.491,24,0,0,0.720496,0.000000,0.000000,0.000000,0.000000,0,0.000,0.000,NO BLACK,NO BUNDLE,0,0,0,,,,0,1,1,0,0.848277,0.775691,457,394,0.434074,STAND TARGET JUMP REJECTED,,,,,,,,,,
336,11.200000,35.613,20.785,0,0,0,0.000000,0.000000,0.000000,0.000000,0.000000,0,0.000,0.000,NO BLACK,NO BUNDLE,0,0,0,,,,0,1,1,0,0.848277,0.775691,457,394,0.434074,STAND TARGET JUMP REJECTED,,,,,,,,,,
337,11.233333,35.061,21.663,0,0,0,0.000000,0.000000,0.000000,0.000000,0.000000,0,0.000,0.000,NO BLACK,NO BUNDLE,0,0,0,,,,0,1,1,0,0.848277,0.775691,457,394,0.434074,STAND TARGET JUMP REJECTED,,,,,,,,,,
338,11.266667,28.555,21.128,0,0,0,0.000000,0.000000,0.000000,0.000000,0.000000,0,0.000,0.000,NO BLACK,NO BUNDLE,0,0,0,,,,0,1,1,1,0.911457,0.726347,509,377,0.335889,STAND LOCKED,,,,,,,,,,
339,11.300000,31.931,22.308,0,0,0,0.000000,0.000000,0.000000,0.000000,0.000000,0,0.000,0.000,NO BLACK,NO BUNDLE,0,0,0,,,,0,1,1,1,0.911457,0.726347,509,377,0.335889,STAND LOCKED,,,,,,,,,,
340,11.333333,31.446,21.694,0,0,0,0.000000,0.000000,0.000000,0.000000,0.000000,0,0.000,0.000,NO BLACK,NO BUNDLE,0,0,0,,,,0,1,1,1,0.945000,0.747722,545,401,0.419275,STAND LOCKED,,,,,,,,,,
341,11.366667,36.138,22.264,0,0,0,0.000000,0.000000,0.000000,0.000000,0.000000,0,0.000,0.000,NO BLACK,NO BUNDLE,0,0,0,,,,0,1,1,1,0.945000,0.747722,545,401,0.419275,STAND LOCKED,,,,,,,,,,
342,11.400000,31.468,21.586,0,0,0,0.000000,0.000000,0.000000,0.000000,0.000000,0,0.000,0.000,NO BLACK,NO BUNDLE,0,0,0,,,,0,1,1,1,0.851042,0.774208,511,429,0.480479,STAND LOCKED,,,,,,,,,,
343,11.433333,32.645,22.636,0,0,0,0.000000,0.000000,0.000000,0.000000,0.000000,0,0.000,0.000,NO BLACK,NO BUNDLE,0,0,0,,,,0,1,1,1,0.851042,0.774208,511,429,0.480479,STAND LOCKED,,,,,,,,,,
344,11.466667,30.346,21.916,0,0,0,0.000000,0.000000,0.000000,0.000000,0.000000,0,0.000,0.000,NO BLACK,NO BUNDLE,0,0,0,,,,0,1,1,1,0.959879,0.756244,563,443,0.525591,STAND LOCKED,,,,,,,,,,
345,11.500000,35.196,22.526,0,0,0,0.000000,0.000000,0.000000,0.000000,0.000000,0,0.000,0.000,NO BLACK,NO BUNDLE,0,0,0,,,,0,1,1,1,0.959879,0.756244,563,443,0.525591,STAND LOCKED,,,,,,,,,,
346,11.533333,33.818,21.634,0,0,0,0.000000,0.000000,0.000000,0.000000,0.000000,0,0.000,0.000,NO BLACK,NO BUNDLE,0,0,0,,,,0,1,1,1,1.000000,0.743729,555,426,0.629919,STAND LOCKED,,,,,,,,,,
347,11.566667,33.430,22.192,0,0,0,0.000000,0.000000,0.000000,0.000000,0.000000,0,0.000,0.000,NO BLACK,NO BUNDLE,0,0,0,,,,0,1,1,1,1.000000,0.743729,555,426,0.629919,STAND LOCKED,,,,,,,,,,
348,11.600000,32.071,21.144,0,0,0,0.000000,0.000000,0.000000,0.000000,0.000000,0,0.000,0.000,NO BLACK,NO BUNDLE,0,0,0,,,,0,1,1,1,0.897179,0.713985,520,451,0.615755,STAND LOCKED,,,,,,,,,,
349,11.633333,30.951,22.432,0,0,0,0.000000,0.000000,0.000000,0.000000,0.000000,0,0.000,0.000,NO BLACK,NO BUNDLE,0,0,0,,,,0,1,1,1,0.897179,0.713985,520,451,0.615755,STAND LOCKED,,,,,,,,,,
350,11.666667,32.884,21.344,0,0,0,0.000000,0.000000,0.000000,0.000000,0.000000,0,0.000,0.000,NO BLACK,NO BUNDLE,0,0,0,,,,0,1,1,1,0.945000,0.809821,495,368,0.548270,STAND LOCKED,,,,,,,,,,
351,11.700000,34.514,22.102,0,0,0,0.000000,0.000000,0.000000,0.000000,0.000000,0,0.000,0.000,NO BLACK,NO BUNDLE,0,0,0,,,,0,1,1,1,0.945000,0.809821,495,368,0.548270,STAND LOCKED,,,,,,,,,,
352,11.733333,31.243,21.070,0,0,0,0.000000,0.000000,0.000000,0.000000,0.000000,0,0.000,0.000,NO BLACK,NO BUNDLE,0,0,0,,,,0,1,1,1,0.944887,0.725057,573,421,0.548458,STAND LOCKED,,,,,,,,,,
353,11.766667,31.401,22.342,0,0,0,0.000000,0.000000,0.000000,0.000000,0.000000,0,0.000,0.000,NO BLACK,NO BUNDLE,0,0,0,,,,0,1,1,1,0.944887,0.725057,573,421,0.548458,STAND LOCKED,,,,,,,,,,
354,11.800000,34.150,21.297,0,0,0,0.000000,0.000000,0.000000,0.000000,0.000000,0,0.000,0.000,NO BLACK,NO BUNDLE,0,0,0,,,,0,1,1,1,0.932392,0.860173,510,324,0.433959,STAND LOCKED,,,,,,,,,,
355,11.833333,36.206,21.972,0,0,0,0.000000,0.000000,0.000000,0.000000,0.000000,0,0.000,0.000,NO BLACK,NO BUNDLE,0,0,0,,,,0,1,1,1,0.932392,0.860173,510,324,0.433959,STAND LOCKED,,,,,,,,,,
356,11.866667,32.250,21.016,0,0,0,0.000000,0.000000,0.000000,0.000000,0.000000,0,0.000,0.000,NO BLACK,NO BUNDLE,0,0,0,,,,0,1,1,1,0.992381,0.869423,441,315,0.538268,STAND LOCKED,,,,,,,,,,
357,11.900000,34.261,21.910,0,0,0,0.000000,0.000000,0.000000,0.000000,0.000000,0,0.000,0.000,NO BLACK,NO BUNDLE,0,0,0,,,,0,1,1,1,0.992381,0.869423,441,315,0.538268,STAND LOCKED,,,,,,,,,,
358,11.933333,34.849,20.594,0,0,0,0.000000,0.000000,0.000000,0.000000,0.000000,0,0.000,0.000,NO BLACK,NO BUNDLE,0,0,0,,,,0,1,1,1,0.945000,0.898246,390,281,0.598193,STAND LOCKED,,,,,,,,,,
359,11.966667,30.734,21.974,0,0,0,0.000000,0.000000,0.000000,0.000000,0.000000,0,0.000,0.000,NO BLACK,NO BUNDLE,0,0,0,,,,0,1,1,1,0.945000,0.898246,390,281,0.598193,STAND LOCKED,,,,,,,,,,
360,12.000000,32.696,20.408,0,0,0,0.000000,0.000000,0.000000,0.000000,0.000000,0,0.000,0.000,NO BLACK,NO BUNDLE,0,0,0,,,,0,1,1,1,1.000000,0.900515,360,274,0.677867,STAND LOCKED,,,,,,,,,,
361,12.033333,36.402,21.160,0,0,0,0.000000,0.000000,0.000000,0.000000,0.000000,0,0.000,0.000,NO BLACK,NO BUNDLE,0,0,0,,,,0,1,1,1,1.000000,0.900515,360,274,0.677867,STAND LOCKED,,,,,,,,,,
362,12.066667,30.138,19.794,0,0,0,0.000000,0.000000,0.000000,0.000000,0.000000,0,0.000,0.000,NO BLACK,NO BUNDLE,0,0,0,,,,0,1,1,1,1.000000,0.906985,347,255,0.672471,STAND LOCKED,,,,,,,,,,
363,12.100000,31.238,21.243,0,0,0,0.000000,0.000000,0.000000,0.000000,0.000000,0,0.000,0.000,NO BLACK,NO BUNDLE,0,0,0,,,,0,1,1,1,1.000000,0.906985,347,255,0.672471,STAND LOCKED,,,,,,,,,,
364,12.133333,33.817,19.711,0,0,0,0.000000,0.000000,0.000000,0.000000,0.000000,0,0.000,0.000,NO BLACK,NO BUNDLE,0,0,0,,,,0,1,1,1,1.000000,0.905125,342,267,0.724279,STAND LOCKED,,,,,,,,,,
365,12.166667,34.100,20.758,0,0,0,0.000000,0.000000,0.000000,0.000000,0.000000,0,0.000,0.000,NO BLACK,NO BUNDLE,0,0,0,,,,0,1,1,1,1.000000,0.905125,342,267,0.724279,STAND LOCKED,,,,,,,,,,
366,12.200000,30.936,19.302,0,0,0,0.000000,0.000000,0.000000,0.000000,0.000000,0,0.000,0.000,NO BLACK,NO BUNDLE,0,0,0,,,,0,1,1,1,1.000000,0.882740,346,252,0.691064,STAND LOCKED,,,,,,,,,,
367,12.233333,31.204,20.806,0,0,0,0.000000,0.000000,0.000000,0.000000,0.000000,0,0.000,0.000,NO BLACK,NO BUNDLE,0,0,0,,,,0,1,1,1,1.000000,0.882740,346,252,0.691064,STAND LOCKED,,,,,,,,,,
368,12.266667,30.209,19.422,0,0,0,0.000000,0.000000,0.000000,0.000000,0.000000,0,0.000,0.000,NO BLACK,NO BUNDLE,0,0,0,,,,0,1,1,1,1.000000,0.883936,361,264,0.730354,STAND LOCKED,,,,,,,,,,
369,12.300000,31.887,20.748,0,0,0,0.000000,0.000000,0.000000,0.000000,0.000000,0,0.000,0.000,NO BLACK,NO BUNDLE,0,0,0,,,,0,1,1,1,1.000000,0.883936,361,264,0.730354,STAND LOCKED,,,,,,,,,,
370,12.333333,33.415,19.284,0,0,0,0.000000,0.000000,0.000000,0.000000,0.000000,0,0.000,0.000,NO BLACK,NO BUNDLE,0,0,0,,,,0,1,1,1,1.000000,0.824818,365,279,0.774770,STAND LOCKED,,,,,,,,,,
371,12.366667,34.712,20.394,0,0,0,0.000000,0.000000,0.000000,0.000000,0.000000,0,0.000,0.000,NO BLACK,NO BUNDLE,0,0,0,,,,0,1,1,1,1.000000,0.824818,365,279,0.774770,STAND LOCKED,,,,,,,,,,
372,12.400000,29.343,19.152,0,0,0,0.000000,0.000000,0.000000,0.000000,0.000000,0,0.000,0.000,NO BLACK,NO BUNDLE,0,0,0,,,,0,1,1,1,0.945000,0.837512,374,269,0.747397,STAND LOCKED,,,,,,,,,,
373,12.433333,32.750,20.477,0,0,0,0.000000,0.000000,0.000000,0.000000,0.000000,0,0.000,0.000,NO BLACK,NO BUNDLE,0,0,0,,,,0,1,1,1,0.945000,0.837512,374,269,0.747397,STAND LOCKED,,,,,,,,,,
374,12.466667,34.799,19.097,122,0,0,0.736556,0.000000,0.000000,0.000000,0.000000,0,0.000,0.000,NO BLACK,NO BUNDLE,0,0,0,,,,0,1,1,1,1.000000,0.864939,356,265,0.737370,STAND LOCKED,,,,,,,,,,
375,12.500000,35.819,19.995,442,0,0,0.793697,0.000000,0.000000,0.000000,0.000000,0,0.000,0.000,NO LASHING,NO BUNDLE,0,0,0,,,,0,1,1,1,1.000000,0.864939,356,265,0.737370,STAND LOCKED,,,,,,,,,,
376,12.533333,34.756,18.616,41,0,0,0.716453,0.000000,0.000000,0.000000,0.000000,0,0.000,0.000,NO BLACK,NO BUNDLE,0,0,0,,,,0,1,1,1,1.000000,0.886985,409,240,0.665636,STAND LOCKED,,,,,,,,,,
377,12.566667,33.012,19.893,28,0,0,0.736595,0.000000,0.000000,0.000000,0.000000,0,0.000,0.000,NO BLACK,NO BUNDLE,0,0,0,,,,0,1,1,1,1.000000,0.886985,409,240,0.665636,STAND LOCKED,,,,,,,,,,
378,12.600000,36.739,18.613,0,0,0,0.000000,0.000000,0.000000,0.000000,0.000000,0,0.000,0.000,NO BLACK,NO BUNDLE,0,0,0,,,,0,1,1,1,1.000000,0.874721,488,249,0.623425,STAND LOCKED,,,,,,,,,,
379,12.633333,34.881,19.816,0,0,0,0.000000,0.000000,0.000000,0.000000,0.000000,0,0.000,0.000,NO BLACK,NO BUNDLE,0,0,0,,,,0,1,1,1,1.000000,0.874721,488,249,0.623425,STAND LOCKED,,,,,,,,,,
380,12.666667,31.426,18.699,0,0,0,0.000000,0.000000,0.000000,0.000000,0.000000,0,0.000,0.000,NO BLACK,NO BUNDLE,0,0,0,,,,0,1,1,0,1.000000,0.874721,488,249,0.623425,STAND TARGET JUMP REJECTED,,,,,,,,,,
381,12.700000,34.002,20.005,0,0,0,0.000000,0.000000,0.000000,0.000000,0.000000,0,0.000,0.000,NO BLACK,NO BUNDLE,0,0,0,,,,0,1,1,0,1.000000,0.874721,488,249,0.623425,STAND TARGET JUMP REJECTED,,,,,,,,,,
382,12.733333,31.216,18.865,0,0,0,0.000000,0.000000,0.000000,0.000000,0.000000,0,0.000,0.000,NO BLACK,NO BUNDLE,0,0,0,,,,0,1,1,1,0.948027,0.780261,466,199,0.512000,STAND LOCKED,,,,,,,,,,
383,12.766667,32.486,20.273,0,0,0,0.000000,0.000000,0.000000,0.000000,0.000000,0,0.000,0.000,NO BLACK,NO BUNDLE,0,0,0,,,,0,1,1,1,0.948027,0.780261,466,199,0.512000,STAND LOCKED,,,,,,,,,,
384,12.800000,34.638,19.036,0,0,0,0.000000,0.000000,0.000000,0.000000,0.000000,0,0.000,0.000,NO BLACK,NO BUNDLE,0,0,0,,,,0,1,1,1,1.000000,0.773841,501,219,0.575678,STAND LOCKED,,,,,,,,,,
385,12.833333,34.098,20.275,0,0,0,0.000000,0.000000,0.000000,0.000000,0.000000,0,0.000,0.000,NO BLACK,NO BUNDLE,0,0,0,,,,0,1,1,1,1.000000,0.773841,501,219,0.575678,STAND LOCKED,,,,,,,,,,
386,12.866667,31.301,19.143,0,0,0,0.000000,0.000000,0.000000,0.000000,0.000000,0,0.000,0.000,NO BLACK,NO BUNDLE,0,0,0,,,,0,1,1,1,1.000000,0.767164,542,216,0.583708,STAND LOCKED,,,,,,,,,,
387,12.900000,34.583,20.248,0,0,0,0.000000,0.000000,0.000000,0.000000,0.000000,0,0.000,0.000,NO BLACK,NO BUNDLE,0,0,0,,,,0,1,1,1,1.000000,0.767164,542,216,0.583708,STAND LOCKED,,,,,,,,,,
388,12.933333,33.952,19.156,0,0,0,0.000000,0.000000,0.000000,0.000000,0.000000,0,0.000,0.000,NO BLACK,NO BUNDLE,0,0,0,,,,0,1,1,1,0.973333,0.828173,656,239,0.630099,STAND LOCKED,,,,,,,,,,
389,12.966667,34.661,20.216,0,0,0,0.000000,0.000000,0.000000,0.000000,0.000000,0,0.000,0.000,NO BLACK,NO BUNDLE,0,0,0,,,,0,1,1,1,0.973333,0.828173,656,239,0.630099,STAND LOCKED,,,,,,,,,,
390,13.000000,31.574,19.284,0,0,0,0.000000,0.000000,0.000000,0.000000,0.000000,0,0.000,0.000,NO BLACK,NO BUNDLE,0,0,0,,,,0,1,1,0,0.973333,0.828173,656,239,0.630099,STAND TARGET JUMP REJECTED,,,,,,,,,,
391,13.033333,36.630,20.122,0,0,0,0.000000,0.000000,0.000000,0.000000,0.000000,0,0.000,0.000,NO BLACK,NO BUNDLE,0,0,0,,,,0,1,1,0,0.973333,0.828173,656,239,0.630099,STAND TARGET JUMP REJECTED,,,,,,,,,,
392,13.066667,30.692,19.346,0,0,0,0.000000,0.000000,0.000000,0.000000,0.000000,0,0.000,0.000,NO BLACK,NO BUNDLE,0,0,0,,,,0,1,1,1,0.776218,0.826781,737,339,0.526461,STAND LOCKED,,,,,,,,,,
393,13.100000,31.732,20.826,0,0,0,0.000000,0.000000,0.000000,0.000000,0.000000,0,0.000,0.000,NO BLACK,NO BUNDLE,0,0,0,,,,0,1,1,1,0.776218,0.826781,737,339,0.526461,STAND LOCKED,,,,,,,,,,
394,13.133333,34.078,19.897,0,0,0,0.000000,0.000000,0.000000,0.000000,0.000000,0,0.000,0.000,NO BLACK,NO BUNDLE,0,0,0,,,,0,1,1,1,0.788461,0.740375,648,276,0.446213,STAND LOCKED,,,,,,,,,,
395,13.166667,35.745,20.778,0,0,0,0.000000,0.000000,0.000000,0.000000,0.000000,0,0.000,0.000,NO BLACK,NO BUNDLE,0,0,0,,,,0,1,1,1,0.788461,0.740375,648,276,0.446213,STAND LOCKED,,,,,,,,,,
396,13.200000,30.716,20.023,0,0,32,0.000000,0.000000,0.752621,0.000000,0.000000,0,0.000,0.000,NO BLACK,NO BUNDLE,0,0,0,,,,0,1,1,1,1.000000,0.798208,647,232,0.466629,STAND LOCKED,,,,,,,,,,
397,13.233333,31.323,21.332,0,4,8,0.000000,0.616211,0.714629,0.000000,0.000000,0,0.000,0.000,NO BLACK,NO BUNDLE,0,0,0,,,,0,1,1,1,1.000000,0.798208,647,232,0.466629,STAND LOCKED,,,,,,,,,,
398,13.266667,27.190,20.659,0,0,8,0.000000,0.000000,0.715154,0.000000,0.000000,0,0.000,0.000,NO BLACK,NO BUNDLE,0,0,0,,,,0,1,1,0,1.000000,0.798208,647,232,0.466629,STAND TARGET JUMP REJECTED,,,,,,,,,,
399,13.300000,31.900,21.927,0,0,0,0.000000,0.000000,0.000000,0.000000,0.000000,0,0.000,0.000,NO BLACK,NO BUNDLE,0,0,0,,,,0,1,1,0,1.000000,0.798208,647,232,0.466629,STAND TARGET JUMP REJECTED,,,,,,,,,,
400,13.333333,36.747,20.758,0,0,0,0.000000,0.000000,0.000000,0.000000,0.000000,0,0.000,0.000,NO BLACK,NO BUNDLE,0,0,0,,,,0,1,1,1,1.000000,0.830837,641,222,0.493386,STAND LOCKED,,,,,,,,,,
401,13.366667,31.882,22.012,0,0,0,0.000000,0.000000,0.000000,0.000000,0.000000,0,0.000,0.000,NO BLACK,NO BUNDLE,0,0,0,,,,0,1,1,1,1.000000,0.830837,641,222,0.493386,STAND LOCKED,,,,,,,,,,
402,13.400000,32.919,21.011,0,0,0,0.000000,0.000000,0.000000,0.000000,0.000000,0,0.000,0.000,NO BLACK,NO BUNDLE,0,0,0,,,,0,1,1,1,0.945000,0.783128,648,234,0.455774,STAND LOCKED,,,,,,,,,,
403,13.433333,32.469,22.160,0,0,0,0.000000,0.000000,0.000000,0.000000,0.000000,0,0.000,0.000,NO BLACK,NO BUNDLE,0,0,0,,,,0,1,1,1,0.945000,0.783128,648,234,0.455774,STAND LOCKED,,,,,,,,,,
404,13.466667,32.030,21.243,0,0,0,0.000000,0.000000,0.000000,0.000000,0.000000,0,0.000,0.000,NO BLACK,NO BUNDLE,0,0,0,,,,0,1,1,1,0.860312,0.857713,598,204,0.455654,STAND LOCKED,,,,,,,,,,
405,13.500000,31.825,22.413,0,0,0,0.000000,0.000000,0.000000,0.000000,0.000000,0,0.000,0.000,NO BLACK,NO BUNDLE,0,0,0,,,,0,1,1,1,0.860312,0.857713,598,204,0.455654,STAND LOCKED,,,,,,,,,,
406,13.533333,33.516,21.487,0,0,0,0.000000,0.000000,0.000000,0.000000,0.000000,0,0.000,0.000,NO BLACK,NO BUNDLE,0,0,0,,,,0,1,1,0,0.860312,0.857713,598,204,0.455654,STAND TEMPORARILY LOST (1),,,,,,,,,,
407,13.566667,32.203,22.582,0,0,0,0.000000,0.000000,0.000000,0.000000,0.000000,0,0.000,0.000,NO BLACK,NO BUNDLE,0,0,0,,,,0,1,1,0,0.860312,0.857713,598,204,0.455654,STAND TEMPORARILY LOST (1),,,,,,,,,,
408,13.600000,33.818,21.514,0,0,0,0.000000,0.000000,0.000000,0.000000,0.000000,0,0.000,0.000,NO BLACK,NO BUNDLE,0,0,0,,,,0,1,1,1,0.945000,0.850672,563,197,0.460947,STAND LOCKED,,,,,,,,,,
409,13.633333,33.160,22.486,0,0,0,0.000000,0.000000,0.000000,0.000000,0.000000,0,0.000,0.000,NO BLACK,NO BUNDLE,0,0,0,,,,0,1,1,1,0.945000,0.850672,563,197,0.460947,STAND LOCKED,,,,,,,,,,
410,13.666667,32.741,21.472,0,0,0,0.000000,0.000000,0.000000,0.000000,0.000000,0,0.000,0.000,NO BLACK,NO BUNDLE,0,0,0,,,,0,1,1,1,0.945000,0.882062,558,184,0.472496,STAND LOCKED,,,,,,,,,,
411,13.700000,33.822,22.093,0,0,0,0.000000,0.000000,0.000000,0.000000,0.000000,0,0.000,0.000,NO BLACK,NO BUNDLE,0,0,0,,,,0,1,1,1,0.945000,0.882062,558,184,0.472496,STAND LOCKED,,,,,,,,,,
412,13.733333,31.351,21.185,0,0,0,0.000000,0.000000,0.000000,0.000000,0.000000,0,0.000,0.000,NO BLACK,NO BUNDLE,0,0,0,,,,0,1,1,1,1.000000,0.874839,565,208,0.505956,STAND LOCKED,,,,,,,,,,
413,13.766667,32.270,22.352,0,0,0,0.000000,0.000000,0.000000,0.000000,0.000000,0,0.000,0.000,NO BLACK,NO BUNDLE,0,0,0,,,,0,1,1,1,1.000000,0.874839,565,208,0.505956,STAND LOCKED,,,,,,,,,,
414,13.800000,32.094,21.232,0,0,0,0.000000,0.000000,0.000000,0.000000,0.000000,0,0.000,0.000,NO BLACK,NO BUNDLE,0,0,0,,,,0,1,1,1,0.951394,0.880685,626,229,0.596639,STAND LOCKED,,,,,,,,,,
415,13.833333,31.354,22.323,0,0,0,0.000000,0.000000,0.000000,0.000000,0.000000,0,0.000,0.000,NO BLACK,NO BUNDLE,0,0,0,,,,0,1,1,1,0.951394,0.880685,626,229,0.596639,STAND LOCKED,,,,,,,,,,
416,13.866667,32.218,21.150,0,0,0,0.000000,0.000000,0.000000,0.000000,0.000000,0,0.000,0.000,NO BLACK,NO BUNDLE,0,0,0,,,,0,1,1,1,0.948654,0.857710,692,254,0.687862,STAND LOCKED,,,,,,,,,,
417,13.900000,36.284,21.792,589,0,0,0.787105,0.000000,0.000000,0.000000,0.000000,0,0.000,0.000,NO LASHING,NO BUNDLE,0,0,0,,,,0,1,1,1,0.948654,0.857710,692,254,0.687862,STAND LOCKED,,,,,,,,,,
418,13.933333,37.910,20.492,68,0,0,0.726499,0.000000,0.000000,0.000000,0.000000,0,0.000,0.000,NO BLACK,NO BUNDLE,0,0,0,,,,0,1,1,1,0.939964,0.803912,674,235,0.512733,STAND LOCKED,,,,,,,,,,
419,13.966667,33.368,21.598,64,0,0,0.717723,0.000000,0.000000,0.000000,0.000000,0,0.000,0.000,NO BLACK,NO BUNDLE,0,0,0,,,,0,1,1,1,0.939964,0.803912,674,235,0.512733,STAND LOCKED,,,,,,,,,,
420,14.000000,33.265,20.532,3,0,0,0.705235,0.000000,0.000000,0.000000,0.000000,0,0.000,0.000,NO BLACK,NO BUNDLE,0,0,0,,,,0,1,1,1,0.945000,0.822799,632,199,0.491216,STAND LOCKED,,,,,,,,,,
421,14.033333,32.975,21.635,144,0,0,0.725254,0.000000,0.000000,0.000000,0.000000,0,0.000,0.000,NO BLACK,NO BUNDLE,0,0,0,,,,0,1,1,1,0.945000,0.822799,632,199,0.491216,STAND LOCKED,,,,,,,,,,
422,14.066667,33.002,20.626,19,0,0,0.722562,0.000000,0.000000,0.000000,0.000000,0,0.000,0.000,NO BLACK,NO BUNDLE,0,0,0,,,,0,1,1,1,0.945000,0.778589,647,204,0.418894,STAND LOCKED,,,,,,,,,,
423,14.100000,36.844,21.309,0,0,0,0.000000,0.000000,0.000000,0.000000,0.000000,0,0.000,0.000,NO BLACK,NO BUNDLE,0,0,0,,,,0,1,1,1,0.945000,0.778589,647,204,0.418894,STAND LOCKED,,,,,,,,,,
424,14.133333,31.370,20.566,0,0,0,0.000000,0.000000,0.000000,0.000000,0.000000,0,0.000,0.000,NO BLACK,NO BUNDLE,0,0,0,,,,0,1,1,1,0.890000,0.815257,629,161,0.369544,STAND LOCKED,,,,,,,,,,
425,14.166667,31.370,21.699,0,0,0,0.000000,0.000000,0.000000,0.000000,0.000000,0,0.000,0.000,NO BLACK,NO BUNDLE,0,0,0,,,,0,1,1,1,0.890000,0.815257,629,161,0.369544,STAND LOCKED,,,,,,,,,,
426,14.200000,32.303,20.911,0,0,0,0.000000,0.000000,0.000000,0.000000,0.000000,0,0.000,0.000,NO BLACK,NO BUNDLE,0,0,0,,,,0,1,1,1,0.945000,0.860399,599,175,0.380184,STAND LOCKED,,,,,,,,,,
427,14.233333,33.541,21.848,0,0,0,0.000000,0.000000,0.000000,0.000000,0.000000,0,0.000,0.000,NO BLACK,NO BUNDLE,0,0,0,,,,0,1,1,1,0.945000,0.860399,599,175,0.380184,STAND LOCKED,,,,,,,,,,
428,14.266667,35.251,20.957,0,0,0,0.000000,0.000000,0.000000,0.000000,0.000000,0,0.000,0.000,NO BLACK,NO BUNDLE,0,0,0,,,,0,1,1,1,1.000000,0.885979,552,166,0.413235,STAND LOCKED,,,,,,,,,,
429,14.300000,34.265,21.649,0,0,0,0.000000,0.000000,0.000000,0.000000,0.000000,0,0.000,0.000,NO BLACK,NO BUNDLE,0,0,0,,,,0,1,1,1,1.000000,0.885979,552,166,0.413235,STAND LOCKED,,,,,,,,,,
430,14.333333,31.426,20.847,0,0,0,0.000000,0.000000,0.000000,0.000000,0.000000,0,0.000,0.000,NO BLACK,NO BUNDLE,0,0,0,,,,0,1,1,1,0.945000,0.895809,551,174,0.431928,STAND LOCKED,,,,,,,,,,
431,14.366667,34.489,21.701,0,0,0,0.000000,0.000000,0.000000,0.000000,0.000000,0,0.000,0.000,NO BLACK,NO BUNDLE,0,0,0,,,,0,1,1,1,0.945000,0.895809,551,174,0.431928,STAND LOCKED,,,,,,,,,,
432,14.400000,31.333,20.907,0,0,0,0.000000,0.000000,0.000000,0.000000,0.000000,0,0.000,0.000,NO BLACK,NO BUNDLE,0,0,0,,,,0,1,1,0,0.945000,0.895809,551,174,0.431928,STAND TEMPORARILY LOST (1),,,,,,,,,,
433,14.433333,32.794,21.910,0,0,0,0.000000,0.000000,0.000000,0.000000,0.000000,0,0.000,0.000,NO BLACK,NO BUNDLE,0,0,0,,,,0,1,1,0,0.945000,0.895809,551,174,0.431928,STAND TEMPORARILY LOST (1),,,,,,,,,,
434,14.466667,29.178,21.115,0,0,0,0.000000,0.000000,0.000000,0.000000,0.000000,0,0.000,0.000,NO BLACK,NO BUNDLE,0,0,0,,,,0,1,1,1,0.938801,0.856111,539,176,0.326520,STAND LOCKED,,,,,,,,,,
435,14.500000,33.696,22.003,0,0,0,0.000000,0.000000,0.000000,0.000000,0.000000,0,0.000,0.000,NO BLACK,NO BUNDLE,0,0,0,,,,0,1,1,1,0.938801,0.856111,539,176,0.326520,STAND LOCKED,,,,,,,,,,
436,14.533333,30.453,21.200,0,0,0,0.000000,0.000000,0.000000,0.000000,0.000000,0,0.000,0.000,NO BLACK,NO BUNDLE,0,0,0,,,,0,1,1,1,0.889250,0.844802,559,156,0.347073,STAND LOCKED,,,,,,,,,,
437,14.566667,33.235,22.110,0,0,0,0.000000,0.000000,0.000000,0.000000,0.000000,0,0.000,0.000,NO BLACK,NO BUNDLE,0,0,0,,,,0,1,1,1,0.889250,0.844802,559,156,0.347073,STAND LOCKED,,,,,,,,,,
438,14.600000,30.035,21.378,0,0,0,0.000000,0.000000,0.000000,0.000000,0.000000,0,0.000,0.000,NO BLACK,NO BUNDLE,0,0,0,,,,0,1,1,1,0.884167,0.876401,556,220,0.303613,STAND LOCKED,,,,,,,,,,
439,14.633333,33.562,22.273,0,0,0,0.000000,0.000000,0.000000,0.000000,0.000000,0,0.000,0.000,NO BLACK,NO BUNDLE,0,0,0,,,,0,1,1,1,0.884167,0.876401,556,220,0.303613,STAND LOCKED,,,,,,,,,,
440,14.666667,30.356,21.395,0,0,0,0.000000,0.000000,0.000000,0.000000,0.000000,0,0.000,0.000,NO BLACK,NO BUNDLE,0,0,0,,,,0,1,1,0,0.884167,0.876401,556,220,0.303613,STAND TEMPORARILY LOST (1),,,,,,,,,,
441,14.700000,35.056,22.072,0,0,0,0.000000,0.000000,0.000000,0.000000,0.000000,0,0.000,0.000,NO BLACK,NO BUNDLE,0,0,0,,,,0,1,1,0,0.884167,0.876401,556,220,0.303613,STAND TEMPORARILY LOST (1),,,,,,,,,,
442,14.733333,33.584,21.138,0,0,0,0.000000,0.000000,0.000000,0.000000,0.000000,0,0.000,0.000,NO BLACK,NO BUNDLE,0,0,0,,,,0,1,1,1,0.945000,0.816250,540,206,0.407807,STAND LOCKED,,,,,,,,,,
443,14.766667,34.278,22.024,0,0,0,0.000000,0.000000,0.000000,0.000000,0.000000,0,0.000,0.000,NO BLACK,NO BUNDLE,0,0,0,,,,0,1,1,1,0.945000,0.816250,540,206,0.407807,STAND LOCKED,,,,,,,,,,
444,14.800000,30.529,21.174,0,0,19,0.000000,0.000000,0.794717,0.000000,0.000000,0,0.000,0.000,NO BLACK,NO BUNDLE,0,0,0,,,,0,1,1,0,0.945000,0.816250,540,206,0.407807,STAND TEMPORARILY LOST (1),,,,,,,,,,
445,14.833333,31.966,22.306,0,0,0,0.000000,0.000000,0.000000,0.000000,0.000000,0,0.000,0.000,NO BLACK,NO BUNDLE,0,0,0,,,,0,1,1,0,0.945000,0.816250,540,206,0.407807,STAND TEMPORARILY LOST (1),,,,,,,,,,
446,14.866667,32.401,20.638,0,0,0,0.000000,0.000000,0.000000,0.000000,0.000000,0,0.000,0.000,NO BLACK,NO BUNDLE,0,0,0,,,,0,1,1,0,0.945000,0.816250,540,206,0.407807,STAND TEMPORARILY LOST (2),,,,,,,,,,
447,14.900000,31.916,21.923,0,0,0,0.000000,0.000000,0.000000,0.000000,0.000000,0,0.000,0.000,NO BLACK,NO BUNDLE,0,0,0,,,,0,1,1,0,0.945000,0.816250,540,206,0.407807,STAND TEMPORARILY LOST (2),,,,,,,,,,
448,14.933333,33.401,20.928,0,0,0,0.000000,0.000000,0.000000,0.000000,0.000000,0,0.000,0.000,NO BLACK,NO BUNDLE,0,0,0,,,,0,1,1,1,0.675102,0.727153,527,274,0.367610,STAND LOCKED,,,,,,,,,,
449,14.966667,30.561,22.343,0,0,0,0.000000,0.000000,0.000000,0.000000,0.000000,0,0.000,0.000,NO BLACK,NO BUNDLE,0,0,0,,,,0,1,1,1,0.675102,0.727153,527,274,0.367610,STAND LOCKED,,,,,,,,,,
450,15.000000,31.177,21.382,0,0,0,0.000000,0.000000,0.000000,0.000000,0.000000,0,0.000,0.000,NO BLACK,NO BUNDLE,0,0,0,,,,0,1,1,1,0.945000,0.774632,531,247,0.428966,STAND LOCKED,,,,,,,,,,
451,15.033333,32.021,22.519,0,0,0,0.000000,0.000000,0.000000,0.000000,0.000000,0,0.000,0.000,NO BLACK,NO BUNDLE,0,0,0,,,,0,1,1,1,0.945000,0.774632,531,247,0.428966,STAND LOCKED,,,,,,,,,,
452,15.066667,29.957,21.378,0,0,0,0.000000,0.000000,0.000000,0.000000,0.000000,0,0.000,0.000,NO BLACK,NO BUNDLE,0,0,0,,,,0,1,1,0,0.945000,0.774632,531,247,0.428966,STAND TEMPORARILY LOST (1),,,,,,,,,,
453,15.100000,32.045,22.467,0,0,0,0.000000,0.000000,0.000000,0.000000,0.000000,0,0.000,0.000,NO BLACK,NO BUNDLE,0,0,0,,,,0,1,1,0,0.945000,0.774632,531,247,0.428966,STAND TEMPORARILY LOST (1),,,,,,,,,,
454,15.133333,31.854,21.256,0,0,0,0.000000,0.000000,0.000000,0.000000,0.000000,0,0.000,0.000,NO BLACK,NO BUNDLE,0,0,0,,,,0,1,1,1,0.927117,0.869443,548,275,0.337410,STAND LOCKED,,,,,,,,,,
455,15.166667,32.547,22.362,0,0,0,0.000000,0.000000,0.000000,0.000000,0.000000,0,0.000,0.000,NO BLACK,NO BUNDLE,0,0,0,,,,0,1,1,1,0.927117,0.869443,548,275,0.337410,STAND LOCKED,,,,,,,,,,
456,15.200000,32.111,21.341,0,18,0,0.000000,0.622920,0.000000,0.000000,0.000000,0,0.000,0.000,NO BLACK,NO BUNDLE,0,0,0,,,,0,1,1,1,0.869403,0.857888,562,271,0.251140,STAND LOCKED,,,,,,,,,,
457,15.233333,31.468,22.561,0,0,0,0.000000,0.000000,0.000000,0.000000,0.000000,0,0.000,0.000,NO BLACK,NO BUNDLE,0,0,0,,,,0,1,1,1,0.869403,0.857888,562,271,0.251140,STAND LOCKED,,,,,,,,,,
458,15.266667,30.781,21.693,0,0,0,0.000000,0.000000,0.000000,0.000000,0.000000,0,0.000,0.000,NO BLACK,NO BUNDLE,0,0,0,,,,0,1,1,1,0.945000,0.826669,566,258,0.344471,STAND LOCKED,,,,,,,,,,
459,15.300000,35.458,22.295,0,0,0,0.000000,0.000000,0.000000,0.000000,0.000000,0,0.000,0.000,NO BLACK,NO BUNDLE,0,0,0,,,,0,1,1,1,0.945000,0.826669,566,258,0.344471,STAND LOCKED,,,,,,,,,,
460,15.333333,31.927,21.240,0,0,0,0.000000,0.000000,0.000000,0.000000,0.000000,0,0.000,0.000,NO BLACK,NO BUNDLE,0,0,0,,,,0,1,1,1,1.000000,0.858732,573,277,0.311609,STAND LOCKED,,,,,,,,,,
461,15.366667,33.044,22.290,0,0,0,0.000000,0.000000,0.000000,0.000000,0.000000,0,0.000,0.000,NO BLACK,NO BUNDLE,0,0,0,,,,0,1,1,1,1.000000,0.858732,573,277,0.311609,STAND LOCKED,,,,,,,,,,
462,15.400000,29.948,21.352,0,0,0,0.000000,0.000000,0.000000,0.000000,0.000000,0,0.000,0.000,NO BLACK,NO BUNDLE,0,0,0,,,,0,1,1,1,0.945000,0.897552,585,251,0.394599,STAND LOCKED,,,,,,,,,,
463,15.433333,33.692,21.988,0,0,0,0.000000,0.000000,0.000000,0.000000,0.000000,0,0.000,0.000,NO BLACK,NO BUNDLE,0,0,0,,,,0,1,1,1,0.945000,0.897552,585,251,0.394599,STAND LOCKED,,,,,,,,,,
464,15.466667,31.266,20.813,0,0,0,0.000000,0.000000,0.000000,0.000000,0.000000,0,0.000,0.000,NO BLACK,NO BUNDLE,0,0,0,,,,0,1,1,1,1.000000,0.829876,630,308,0.381528,STAND LOCKED,,,,,,,,,,
465,15.500000,32.681,21.795,0,0,0,0.000000,0.000000,0.000000,0.000000,0.000000,0,0.000,0.000,NO BLACK,NO BUNDLE,0,0,0,,,,0,1,1,1,1.000000,0.829876,630,308,0.381528,STAND LOCKED,,,,,,,,,,
466,15.533333,34.567,20.807,4,0,0,0.712120,0.000000,0.000000,0.000000,0.000000,0,0.000,0.000,NO BLACK,NO BUNDLE,0,0,0,,,,0,1,1,1,0.917691,0.859215,600,296,0.312243,STAND LOCKED,,,,,,,,,,
467,15.566667,34.781,21.542,0,0,0,0.000000,0.000000,0.000000,0.000000,0.000000,0,0.000,0.000,NO BLACK,NO BUNDLE,0,0,0,,,,0,1,1,1,0.917691,0.859215,600,296,0.312243,STAND LOCKED,,,,,,,,,,
468,15.600000,33.557,20.683,0,0,0,0.000000,0.000000,0.000000,0.000000,0.000000,0,0.000,0.000,NO BLACK,NO BUNDLE,0,0,0,,,,0,1,1,1,0.779673,0.843841,743,340,0.271898,STAND LOCKED,,,,,,,,,,
469,15.633333,31.050,22.047,0,0,0,0.000000,0.000000,0.000000,0.000000,0.000000,0,0.000,0.000,NO BLACK,NO BUNDLE,0,0,0,,,,0,1,1,1,0.779673,0.843841,743,340,0.271898,STAND LOCKED,,,,,,,,,,
470,15.666667,33.957,21.140,0,0,0,0.000000,0.000000,0.000000,0.000000,0.000000,0,0.000,0.000,NO BLACK,NO BUNDLE,0,0,0,,,,0,1,1,1,0.995000,0.835457,698,359,0.369854,STAND LOCKED,,,,,,,,,,
471,15.700000,36.681,21.533,0,0,0,0.000000,0.000000,0.000000,0.000000,0.000000,0,0.000,0.000,NO BLACK,NO BUNDLE,0,0,0,,,,0,1,1,1,0.995000,0.835457,698,359,0.369854,STAND LOCKED,,,,,,,,,,
472,15.733333,30.013,20.562,0,0,0,0.000000,0.000000,0.000000,0.000000,0.000000,0,0.000,0.000,NO BLACK,NO BUNDLE,0,0,0,,,,0,1,1,1,0.927334,0.860199,657,323,0.302407,STAND LOCKED,,,,,,,,,,
473,15.766667,31.487,21.791,0,0,0,0.000000,0.000000,0.000000,0.000000,0.000000,0,0.000,0.000,NO BLACK,NO BUNDLE,0,0,0,,,,0,1,1,1,0.927334,0.860199,657,323,0.302407,STAND LOCKED,,,,,,,,,,
474,15.800000,32.477,20.968,0,0,0,0.000000,0.000000,0.000000,0.000000,0.000000,0,0.000,0.000,NO BLACK,NO BUNDLE,0,0,0,,,,0,1,1,1,0.884013,0.843122,625,312,0.259833,STAND LOCKED,,,,,,,,,,
475,15.833333,32.084,22.153,0,0,0,0.000000,0.000000,0.000000,0.000000,0.000000,0,0.000,0.000,NO BLACK,NO BUNDLE,0,0,0,,,,0,1,1,1,0.884013,0.843122,625,312,0.259833,STAND LOCKED,,,,,,,,,,
476,15.866667,32.482,21.332,0,0,0,0.000000,0.000000,0.000000,0.000000,0.000000,0,0.000,0.000,NO BLACK,NO BUNDLE,0,0,0,,,,0,1,1,1,0.945000,0.859658,686,284,0.299494,STAND LOCKED,,,,,,,,,,
477,15.900000,31.933,22.515,0,0,0,0.000000,0.000000,0.000000,0.000000,0.000000,0,0.000,0.000,NO BLACK,NO BUNDLE,0,0,0,,,,0,1,1,1,0.945000,0.859658,686,284,0.299494,STAND LOCKED,,,,,,,,,,
478,15.933333,30.322,21.593,0,0,0,0.000000,0.000000,0.000000,0.000000,0.000000,0,0.000,0.000,NO BLACK,NO BUNDLE,0,0,0,,,,0,1,1,0,0.945000,0.859658,686,284,0.299494,STAND TEMPORARILY LOST (1),,,,,,,,,,
479,15.966667,33.159,22.556,0,0,0,0.000000,0.000000,0.000000,0.000000,0.000000,0,0.000,0.000,NO BLACK,NO BUNDLE,0,0,0,,,,0,1,1,0,0.945000,0.859658,686,284,0.299494,STAND TEMPORARILY LOST (1),,,,,,,,,,
480,16.000000,31.399,20.710,0,0,0,0.000000,0.000000,0.000000,0.000000,0.000000,0,0.000,0.000,NO BLACK,NO BUNDLE,0,0,0,,,,0,1,1,1,1.000000,0.861805,660,255,0.457134,STAND LOCKED,,,,,,,,,,
481,16.033333,31.935,21.896,0,0,0,0.000000,0.000000,0.000000,0.000000,0.000000,0,0.000,0.000,NO BLACK,NO BUNDLE,0,0,0,,,,0,1,1,1,1.000000,0.861805,660,255,0.457134,STAND LOCKED,,,,,,,,,,
482,16.066667,29.236,20.919,0,0,0,0.000000,0.000000,0.000000,0.000000,0.000000,0,0.000,0.000,NO BLACK,NO BUNDLE,0,0,0,,,,0,1,1,1,1.000000,0.838524,648,242,0.528071,STAND LOCKED,,,,,,,,,,
483,16.100000,32.479,21.969,0,0,0,0.000000,0.000000,0.000000,0.000000,0.000000,0,0.000,0.000,NO BLACK,NO BUNDLE,0,0,0,,,,0,1,1,1,1.000000,0.838524,648,242,0.528071,STAND LOCKED,,,,,,,,,,
484,16.133333,32.601,20.878,0,0,0,0.000000,0.000000,0.000000,0.000000,0.000000,0,0.000,0.000,NO BLACK,NO BUNDLE,0,0,0,,,,0,1,1,1,0.993333,0.915539,688,233,0.565340,STAND LOCKED,,,,,,,,,,
485,16.166667,31.848,22.089,0,0,0,0.000000,0.000000,0.000000,0.000000,0.000000,0,0.000,0.000,NO BLACK,NO BUNDLE,0,0,0,,,,0,1,1,1,0.993333,0.915539,688,233,0.565340,STAND LOCKED,,,,,,,,,,
486,16.200000,29.675,21.054,0,0,0,0.000000,0.000000,0.000000,0.000000,0.000000,0,0.000,0.000,NO BLACK,NO BUNDLE,0,0,0,,,,0,1,1,1,1.000000,0.853028,658,254,0.657737,STAND LOCKED,,,,,,,,,,
487,16.233333,35.267,21.776,0,0,0,0.000000,0.000000,0.000000,0.000000,0.000000,0,0.000,0.000,NO BLACK,NO BUNDLE,0,0,0,,,,0,1,1,1,1.000000,0.853028,658,254,0.657737,STAND LOCKED,,,,,,,,,,
488,16.266667,30.369,20.775,0,0,0,0.000000,0.000000,0.000000,0.000000,0.000000,0,0.000,0.000,NO BLACK,NO BUNDLE,0,0,0,,,,0,1,1,1,0.968862,0.793889,766,290,0.731398,STAND LOCKED,,,,,,,,,,
489,16.300000,32.046,22.023,0,0,0,0.000000,0.000000,0.000000,0.000000,0.000000,0,0.000,0.000,NO BLACK,NO BUNDLE,0,0,0,,,,0,1,1,1,0.968862,0.793889,766,290,0.731398,STAND LOCKED,,,,,,,,,,
490,16.333333,30.882,20.898,0,0,0,0.000000,0.000000,0.000000,0.000000,0.000000,0,0.000,0.000,NO BLACK,NO BUNDLE,0,0,0,,,,0,1,1,1,0.945000,0.850204,729,237,0.617879,STAND LOCKED,,,,,,,,,,
491,16.366667,32.010,22.107,0,0,0,0.000000,0.000000,0.000000,0.000000,0.000000,0,0.000,0.000,NO BLACK,NO BUNDLE,0,0,0,,,,0,1,1,1,0.945000,0.850204,729,237,0.617879,STAND LOCKED,,,,,,,,,,
492,16.400000,29.479,21.153,0,0,0,0.000000,0.000000,0.000000,0.000000,0.000000,0,0.000,0.000,NO BLACK,NO BUNDLE,0,0,0,,,,0,1,1,1,0.945000,0.868581,689,230,0.513323,STAND LOCKED,,,,,,,,,,
493,16.433333,32.690,22.190,0,0,0,0.000000,0.000000,0.000000,0.000000,0.000000,0,0.000,0.000,NO BLACK,NO BUNDLE,0,0,0,,,,0,1,1,1,0.945000,0.868581,689,230,0.513323,STAND LOCKED,,,,,,,,,,
494,16.466667,29.489,21.268,49,0,0,0.744810,0.000000,0.000000,0.000000,0.000000,0,0.000,0.000,NO BLACK,NO BUNDLE,0,0,0,,,,0,1,1,1,0.945000,0.846816,683,233,0.453287,STAND LOCKED,,,,,,,,,,
495,16.500000,31.793,22.470,846,0,0,0.817309,0.000000,0.000000,0.000000,0.000000,0,0.000,0.000,NO LASHING,NO BUNDLE,0,0,0,,,,0,1,1,1,0.945000,0.846816,683,233,0.453287,STAND LOCKED,,,,,,,,,,
496,16.533333,32.431,21.396,0,0,0,0.000000,0.000000,0.000000,0.000000,0.000000,0,0.000,0.000,NO BLACK,NO BUNDLE,0,0,0,,,,0,1,1,1,0.987924,0.777753,658,207,0.469049,STAND LOCKED,,,,,,,,,,
497,16.566667,29.542,22.856,1498,0,193,0.828306,0.000000,0.854056,0.000000,0.000000,0,0.000,0.000,NO LASHING,NO BUNDLE,0,0,0,,,,0,1,1,1,0.987924,0.777753,658,207,0.469049,STAND LOCKED,,,,,,,,,,
498,16.600000,31.731,21.829,529,0,13,0.788666,0.000000,0.750673,0.000000,0.000000,0,0.000,0.000,NO LASHING,NO BUNDLE,0,0,0,,,,0,1,1,1,0.945000,0.769362,649,187,0.434891,STAND LOCKED,,,,,,,,,,
499,16.633333,34.426,22.590,0,0,0,0.000000,0.000000,0.000000,0.000000,0.000000,0,0.000,0.000,NO BLACK,NO BUNDLE,0,0,0,,,,0,1,1,1,0.945000,0.769362,649,187,0.434891,STAND LOCKED,,,,,,,,,,
500,16.666667,31.148,21.708,507,0,0,0.754546,0.000000,0.000000,0.000000,0.000000,0,0.000,0.000,NO LASHING,NO BUNDLE,0,0,0,,,,0,1,1,1,0.739061,0.843578,729,240,0.311812,STAND LOCKED,,,,,,,,,,
501,16.700000,31.522,22.858,476,0,0,0.776989,0.000000,0.000000,0.000000,0.000000,0,0.000,0.000,NO LASHING,NO BUNDLE,0,0,0,,,,0,1,1,1,0.739061,0.843578,729,240,0.311812,STAND LOCKED,,,,,,,,,,
502,16.733333,31.862,21.864,213,0,0,0.785469,0.000000,0.000000,0.000000,0.000000,0,0.000,0.000,NO BLACK,NO BUNDLE,0,0,0,,,,0,1,1,1,0.945000,0.800597,685,217,0.398510,STAND LOCKED,,,,,,,,,,
503,16.766667,32.259,22.916,270,0,0,0.760818,0.000000,0.000000,0.000000,0.000000,0,0.000,0.000,NO LASHING,NO BUNDLE,0,0,0,,,,0,1,1,1,0.945000,0.800597,685,217,0.398510,STAND LOCKED,,,,,,,,,,
504,16.800000,31.970,21.895,294,0,0,0.797501,0.000000,0.000000,0.000000,0.000000,0,0.000,0.000,NO LASHING,NO BUNDLE,0,0,0,,,,0,1,1,1,0.945000,0.750069,665,197,0.449746,STAND LOCKED,,,,,,,,,,
505,16.833333,34.030,22.691,151,0,16,0.766656,0.000000,0.729601,0.000000,0.000000,0,0.000,0.000,NO BLACK,NO BUNDLE,0,0,0,,,,0,1,1,1,0.945000,0.750069,665,197,0.449746,STAND LOCKED,,,,,,,,,,
506,16.866667,29.899,21.837,648,0,0,0.819692,0.000000,0.000000,0.000000,0.000000,0,0.000,0.000,NO LASHING,NO BUNDLE,0,0,0,,,,0,1,1,0,0.945000,0.750069,665,197,0.449746,STAND TARGET JUMP REJECTED,,,,,,,,,,
507,16.900000,35.887,22.357,571,0,9,0.794639,0.000000,0.723617,0.000000,0.000000,0,0.000,0.000,NO LASHING,NO BUNDLE,0,0,0,,,,0,1,1,0,0.945000,0.750069,665,197,0.449746,STAND TARGET JUMP REJECTED,,,,,,,,,,
508,16.933333,30.995,21.412,19,0,0,0.735035,0.000000,0.000000,0.000000,0.000000,0,0.000,0.000,NO BLACK,NO BUNDLE,0,0,0,,,,0,1,1,1,1.000000,0.747663,665,170,0.422386,STAND LOCKED,,,,,,,,,,
509,16.966667,33.612,22.348,287,0,125,0.820626,0.000000,0.798219,0.000000,0.000000,0,0.000,0.000,NO LASHING,NO BUNDLE,0,0,0,,,,0,1,1,1,1.000000,0.747663,665,170,0.422386,STAND LOCKED,,,,,,,,,,
510,17.000000,31.952,21.499,0,0,0,0.000000,0.000000,0.000000,0.000000,0.000000,0,0.000,0.000,NO BLACK,NO BUNDLE,0,0,0,,,,0,1,1,1,0.945000,0.728574,651,181,0.469657,STAND LOCKED,,,,,,,,,,
511,17.033333,33.854,22.097,388,0,121,0.781524,0.000000,0.814636,0.000000,0.000000,0,0.000,0.000,NO LASHING,NO BUNDLE,0,0,0,,,,0,1,1,1,0.945000,0.728574,651,181,0.469657,STAND LOCKED,,,,,,,,,,
512,17.066667,30.297,21.226,239,0,0,0.742498,0.000000,0.000000,0.000000,0.000000,0,0.000,0.000,NO BLACK,NO BUNDLE,0,0,0,,,,0,1,1,1,0.945000,0.736893,683,179,0.477943,STAND LOCKED,,,,,,,,,,
513,17.100000,32.255,22.311,0,0,0,0.000000,0.000000,0.000000,0.000000,0.000000,0,0.000,0.000,NO BLACK,NO BUNDLE,0,0,0,,,,0,1,1,1,0.945000,0.736893,683,179,0.477943,STAND LOCKED,,,,,,,,,,
514,17.133333,31.389,21.425,0,0,0,0.000000,0.000000,0.000000,0.000000,0.000000,0,0.000,0.000,NO BLACK,NO BUNDLE,0,0,0,,,,0,1,1,1,0.945000,0.742046,686,184,0.490074,STAND LOCKED,,,,,,,,,,
515,17.166667,34.515,22.182,0,0,0,0.000000,0.000000,0.000000,0.000000,0.000000,0,0.000,0.000,NO BLACK,NO BUNDLE,0,0,0,,,,0,1,1,1,0.945000,0.742046,686,184,0.490074,STAND LOCKED,,,,,,,,,,
516,17.200000,31.018,21.310,0,0,0,0.000000,0.000000,0.000000,0.000000,0.000000,0,0.000,0.000,NO BLACK,NO BUNDLE,0,0,0,,,,0,1,1,1,0.945000,0.806667,704,184,0.484839,STAND LOCKED,,,,,,,,,,
517,17.233333,33.149,22.203,0,0,0,0.000000,0.000000,0.000000,0.000000,0.000000,0,0.000,0.000,NO BLACK,NO BUNDLE,0,0,0,,,,0,1,1,1,0.945000,0.806667,704,184,0.484839,STAND LOCKED,,,,,,,,,,
518,17.266667,31.446,21.299,0,0,0,0.000000,0.000000,0.000000,0.000000,0.000000,0,0.000,0.000,NO BLACK,NO BUNDLE,0,0,0,,,,0,1,1,1,0.833863,0.837003,770,244,0.380886,STAND LOCKED,,,,,,,,,,
519,17.300000,36.257,21.827,0,0,0,0.000000,0.000000,0.000000,0.000000,0.000000,0,0.000,0.000,NO BLACK,NO BUNDLE,0,0,0,,,,0,1,1,1,0.833863,0.837003,770,244,0.380886,STAND LOCKED,,,,,,,,,,
520,17.333333,31.038,20.754,0,0,0,0.000000,0.000000,0.000000,0.000000,0.000000,0,0.000,0.000,NO BLACK,NO BUNDLE,0,0,0,,,,0,1,1,1,1.000000,0.847110,729,225,0.470843,STAND LOCKED,,,,,,,,,,
521,17.366667,30.182,22.231,0,0,0,0.000000,0.000000,0.000000,0.000000,0.000000,0,0.000,0.000,NO BLACK,NO BUNDLE,0,0,0,,,,0,1,1,1,1.000000,0.847110,729,225,0.470843,STAND LOCKED,,,,,,,,,,
522,17.400000,36.208,20.974,0,0,0,0.000000,0.000000,0.000000,0.000000,0.000000,0,0.000,0.000,NO BLACK,NO BUNDLE,0,0,0,,,,0,1,1,1,0.884972,0.834277,717,315,0.370768,STAND LOCKED,,,,,,,,,,
523,17.433333,36.921,21.631,0,0,0,0.000000,0.000000,0.000000,0.000000,0.000000,0,0.000,0.000,NO BLACK,NO BUNDLE,0,0,0,,,,0,1,1,1,0.884972,0.834277,717,315,0.370768,STAND LOCKED,,,,,,,,,,
524,17.466667,31.867,20.863,0,0,0,0.000000,0.000000,0.000000,0.000000,0.000000,0,0.000,0.000,NO BLACK,NO BUNDLE,0,0,0,,,,0,1,1,1,0.877500,0.776768,782,364,0.385318,STAND LOCKED,,,,,,,,,,
525,17.500000,33.869,21.486,0,0,0,0.000000,0.000000,0.000000,0.000000,0.000000,0,0.000,0.000,NO BLACK,NO BUNDLE,0,0,0,,,,0,1,1,1,0.877500,0.776768,782,364,0.385318,STAND LOCKED,,,,,,,,,,
526,17.533333,32.696,20.634,0,0,0,0.000000,0.000000,0.000000,0.000000,0.000000,0,0.000,0.000,NO BLACK,NO BUNDLE,0,0,0,,,,0,1,1,1,0.855348,0.799177,837,414,0.378115,STAND LOCKED,,,,,,,,,,
527,17.566667,34.125,21.457,0,0,0,0.000000,0.000000,0.000000,0.000000,0.000000,0,0.000,0.000,NO BLACK,NO BUNDLE,0,0,0,,,,0,1,1,1,0.855348,0.799177,837,414,0.378115,STAND LOCKED,,,,,,,,,,
528,17.600000,35.149,20.582,0,0,0,0.000000,0.000000,0.000000,0.000000,0.000000,0,0.000,0.000,NO BLACK,NO BUNDLE,0,0,0,,,,0,1,1,1,0.945833,0.786266,847,408,0.494805,STAND LOCKED,,,,,,,,,,
529,17.633333,34.852,21.239,0,0,0,0.000000,0.000000,0.000000,0.000000,0.000000,0,0.000,0.000,NO BLACK,NO BUNDLE,0,0,0,,,,0,1,1,1,0.945833,0.786266,847,408,0.494805,STAND LOCKED,,,,,,,,,,
530,17.666667,30.638,20.402,0,0,0,0.000000,0.000000,0.000000,0.000000,0.000000,0,0.000,0.000,NO BLACK,NO BUNDLE,0,0,0,,,,0,1,1,1,0.876492,0.846613,852,352,0.416690,STAND LOCKED,,,,,,,,,,
531,17.700000,38.053,20.965,0,0,0,0.000000,0.000000,0.000000,0.000000,0.000000,0,0.000,0.000,NO BLACK,NO BUNDLE,0,0,0,,,,0,1,1,1,0.876492,0.846613,852,352,0.416690,STAND LOCKED,,,,,,,,,,
532,17.733333,31.307,20.202,0,0,0,0.000000,0.000000,0.000000,0.000000,0.000000,0,0.000,0.000,NO BLACK,NO BUNDLE,0,0,0,,,,0,1,1,1,0.914799,0.920346,811,282,0.376191,STAND LOCKED,,,,,,,,,,
533,17.766667,33.924,21.238,0,0,0,0.000000,0.000000,0.000000,0.000000,0.000000,0,0.000,0.000,NO BLACK,NO BUNDLE,0,0,0,,,,0,1,1,1,0.914799,0.920346,811,282,0.376191,STAND LOCKED,,,,,,,,,,
534,17.800000,30.761,20.325,0,0,0,0.000000,0.000000,0.000000,0.000000,0.000000,0,0.000,0.000,NO BLACK,NO BUNDLE,0,0,0,,,,0,1,1,1,1.000000,0.852273,799,250,0.434355,STAND LOCKED,,,,,,,,,,
535,17.833333,34.196,21.293,0,0,0,0.000000,0.000000,0.000000,0.000000,0.000000,0,0.000,0.000,NO BLACK,NO BUNDLE,0,0,0,,,,0,1,1,1,1.000000,0.852273,799,250,0.434355,STAND LOCKED,,,,,,,,,,
536,17.866667,33.010,20.009,0,0,0,0.000000,0.000000,0.000000,0.000000,0.000000,0,0.000,0.000,NO BLACK,NO BUNDLE,0,0,0,,,,0,1,1,1,1.000000,0.907296,771,257,0.486502,STAND LOCKED,,,,,,,,,,
537,17.900000,30.913,21.490,0,0,0,0.000000,0.000000,0.000000,0.000000,0.000000,0,0.000,0.000,NO BLACK,NO BUNDLE,0,0,0,,,,0,1,1,1,1.000000,0.907296,771,257,0.486502,STAND LOCKED,,,,,,,,,,
538,17.933333,31.959,20.417,0,0,0,0.000000,0.000000,0.000000,0.000000,0.000000,0,0.000,0.000,NO BLACK,NO BUNDLE,0,0,0,,,,0,1,1,1,0.982525,0.894182,750,298,0.454967,STAND LOCKED,,,,,,,,,,
539,17.966667,31.762,21.731,0,0,0,0.000000,0.000000,0.000000,0.000000,0.000000,0,0.000,0.000,NO BLACK,NO BUNDLE,0,0,0,,,,0,1,1,1,0.982525,0.894182,750,298,0.454967,STAND LOCKED,,,,,,,,,,
540,18.000000,29.352,20.788,0,0,0,0.000000,0.000000,0.000000,0.000000,0.000000,0,0.000,0.000,NO BLACK,NO BUNDLE,0,0,0,,,,0,1,1,1,0.908856,0.887968,712,284,0.347583,STAND LOCKED,,,,,,,,,,
541,18.033333,33.492,21.698,0,0,0,0.000000,0.000000,0.000000,0.000000,0.000000,0,0.000,0.000,NO BLACK,NO BUNDLE,0,0,0,,,,0,1,1,1,0.908856,0.887968,712,284,0.347583,STAND LOCKED,,,,,,,,,,
542,18.066667,30.586,20.747,0,0,0,0.000000,0.000000,0.000000,0.000000,0.000000,0,0.000,0.000,NO BLACK,NO BUNDLE,0,0,0,,,,0,1,1,1,1.000000,0.861073,709,284,0.500926,STAND LOCKED,,,,,,,,,,
543,18.100000,33.103,21.793,0,0,0,0.000000,0.000000,0.000000,0.000000,0.000000,0,0.000,0.000,NO BLACK,NO BUNDLE,0,0,0,,,,0,1,1,1,1.000000,0.861073,709,284,0.500926,STAND LOCKED,,,,,,,,,,
544,18.133333,30.762,20.641,0,0,0,0.000000,0.000000,0.000000,0.000000,0.000000,0,0.000,0.000,NO BLACK,NO BUNDLE,0,0,0,,,,0,1,1,1,0.909577,0.878977,672,265,0.365972,STAND LOCKED,,,,,,,,,,
545,18.166667,29.911,22.139,0,0,0,0.000000,0.000000,0.000000,0.000000,0.000000,0,0.000,0.000,NO BLACK,NO BUNDLE,0,0,0,,,,0,1,1,1,0.909577,0.878977,672,265,0.365972,STAND LOCKED,,,,,,,,,,
546,18.200000,32.329,21.085,0,0,0,0.000000,0.000000,0.000000,0.000000,0.000000,0,0.000,0.000,NO BLACK,NO BUNDLE,0,0,0,,,,0,1,1,1,1.000000,0.885128,696,245,0.373993,STAND LOCKED,,,,,,,,,,
547,18.233333,33.040,22.144,0,0,0,0.000000,0.000000,0.000000,0.000000,0.000000,0,0.000,0.000,NO BLACK,NO BUNDLE,0,0,0,,,,0,1,1,1,1.000000,0.885128,696,245,0.373993,STAND LOCKED,,,,,,,,,,
548,18.266667,32.910,21.061,0,0,0,0.000000,0.000000,0.000000,0.000000,0.000000,0,0.000,0.000,NO BLACK,NO BUNDLE,0,0,0,,,,0,1,1,1,0.785136,0.874210,663,247,0.295102,STAND LOCKED,,,,,,,,,,
549,18.300000,34.879,21.803,0,0,0,0.000000,0.000000,0.000000,0.000000,0.000000,0,0.000,0.000,NO BLACK,NO BUNDLE,0,0,0,,,,0,1,1,1,0.785136,0.874210,663,247,0.295102,STAND LOCKED,,,,,,,,,,
550,18.333333,30.952,20.982,0,0,0,0.000000,0.000000,0.000000,0.000000,0.000000,0,0.000,0.000,NO BLACK,NO BUNDLE,0,0,0,,,,0,1,1,1,1.000000,0.816294,650,251,0.385643,STAND LOCKED,,,,,,,,,,
551,18.366667,34.299,21.915,0,0,0,0.000000,0.000000,0.000000,0.000000,0.000000,0,0.000,0.000,NO BLACK,NO BUNDLE,0,0,0,,,,0,1,1,1,1.000000,0.816294,650,251,0.385643,STAND LOCKED,,,,,,,,,,
552,18.400000,30.860,20.924,0,0,0,0.000000,0.000000,0.000000,0.000000,0.000000,0,0.000,0.000,NO BLACK,NO BUNDLE,0,0,0,,,,0,1,1,1,1.000000,0.843055,680,241,0.444720,STAND LOCKED,,,,,,,,,,
553,18.433333,35.448,21.647,0,0,0,0.000000,0.000000,0.000000,0.000000,0.000000,0,0.000,0.000,NO BLACK,NO BUNDLE,0,0,0,,,,0,1,1,1,1.000000,0.843055,680,241,0.444720,STAND LOCKED,,,,,,,,,,
554,18.466667,28.706,20.703,0,0,0,0.000000,0.000000,0.000000,0.000000,0.000000,0,0.000,0.000,NO BLACK,NO BUNDLE,0,0,0,,,,0,1,1,1,0.945000,0.765754,624,237,0.550749,STAND LOCKED,,,,,,,,,,
555,18.500000,35.102,21.511,0,0,0,0.000000,0.000000,0.000000,0.000000,0.000000,0,0.000,0.000,NO BLACK,NO BUNDLE,0,0,0,,,,0,1,1,1,0.945000,0.765754,624,237,0.550749,STAND LOCKED,,,,,,,,,,
556,18.533333,31.425,20.405,0,0,0,0.000000,0.000000,0.000000,0.000000,0.000000,0,0.000,0.000,NO BLACK,NO BUNDLE,0,0,0,,,,0,1,1,1,0.806226,0.802593,608,207,0.391448,STAND LOCKED,,,,,,,,,,
557,18.566667,35.814,21.220,0,0,0,0.000000,0.000000,0.000000,0.000000,0.000000,0,0.000,0.000,NO BLACK,NO BUNDLE,0,0,0,,,,0,1,1,1,0.806226,0.802593,608,207,0.391448,STAND LOCKED,,,,,,,,,,
558,18.600000,31.591,20.418,0,0,0,0.000000,0.000000,0.000000,0.000000,0.000000,0,0.000,0.000,NO BLACK,NO BUNDLE,0,0,0,,,,0,1,1,1,0.945000,0.848471,592,234,0.440457,STAND LOCKED,,,,,,,,,,
559,18.633333,32.981,21.490,0,0,0,0.000000,0.000000,0.000000,0.000000,0.000000,0,0.000,0.000,NO BLACK,NO BUNDLE,0,0,0,,,,0,1,1,1,0.945000,0.848471,592,234,0.440457,STAND LOCKED,,,,,,,,,,
560,18.666667,31.111,20.715,0,0,0,0.000000,0.000000,0.000000,0.000000,0.000000,0,0.000,0.000,NO BLACK,NO BUNDLE,0,0,0,,,,0,1,1,0,0.945000,0.848471,592,234,0.440457,STAND TARGET JUMP REJECTED,,,,,,,,,,
561,18.700000,33.213,21.788,0,0,19,0.000000,0.000000,0.755059,0.000000,0.000000,0,0.000,0.000,NO BLACK,NO BUNDLE,0,0,0,,,,0,1,1,0,0.945000,0.848471,592,234,0.440457,STAND TARGET JUMP REJECTED,,,,,,,,,,
562,18.733333,31.850,20.969,0,0,0,0.000000,0.000000,0.000000,0.000000,0.000000,0,0.000,0.000,NO BLACK,NO BUNDLE,0,0,0,,,,0,1,1,0,0.945000,0.848471,592,234,0.440457,STAND TARGET JUMP REJECTED,,,,,,,,,,
563,18.766667,35.929,21.677,0,0,0,0.000000,0.000000,0.000000,0.000000,0.000000,0,0.000,0.000,NO BLACK,NO BUNDLE,0,0,0,,,,0,1,1,0,0.945000,0.848471,592,234,0.440457,STAND TARGET JUMP REJECTED,,,,,,,,,,
564,18.800000,30.926,20.895,0,0,0,0.000000,0.000000,0.000000,0.000000,0.000000,0,0.000,0.000,NO BLACK,NO BUNDLE,0,0,0,,,,0,1,1,1,0.904615,0.884486,601,240,0.570984,STAND LOCKED,,,,,,,,,,
565,18.833333,32.686,21.894,0,0,0,0.000000,0.000000,0.000000,0.000000,0.000000,0,0.000,0.000,NO BLACK,NO BUNDLE,0,0,0,,,,0,1,1,1,0.904615,0.884486,601,240,0.570984,STAND LOCKED,,,,,,,,,,
566,18.866667,29.729,21.088,0,0,0,0.000000,0.000000,0.000000,0.000000,0.000000,0,0.000,0.000,NO BLACK,NO BUNDLE,0,0,0,,,,0,1,1,0,0.904615,0.884486,601,240,0.570984,STAND TARGET JUMP REJECTED,,,,,,,,,,
567,18.900000,33.093,21.947,0,0,0,0.000000,0.000000,0.000000,0.000000,0.000000,0,0.000,0.000,NO BLACK,NO BUNDLE,0,0,0,,,,0,1,1,0,0.904615,0.884486,601,240,0.570984,STAND TARGET JUMP REJECTED,,,,,,,,,,
568,18.933333,33.447,20.862,0,0,0,0.000000,0.000000,0.000000,0.000000,0.000000,0,0.000,0.000,NO BLACK,NO BUNDLE,0,0,0,,,,0,1,1,1,0.886899,0.920979,517,264,0.449443,STAND LOCKED,,,,,,,,,,
569,18.966667,31.743,22.102,0,0,0,0.000000,0.000000,0.000000,0.000000,0.000000,0,0.000,0.000,NO BLACK,NO BUNDLE,0,0,0,,,,0,1,1,1,0.886899,0.920979,517,264,0.449443,STAND LOCKED,,,,,,,,,,
570,19.000000,33.899,20.747,0,0,0,0.000000,0.000000,0.000000,0.000000,0.000000,0,0.000,0.000,NO BLACK,NO BUNDLE,0,0,0,,,,0,1,1,1,0.945000,0.942412,524,209,0.451277,STAND LOCKED,,,,,,,,,,
571,19.033333,33.164,21.792,0,0,0,0.000000,0.000000,0.000000,0.000000,0.000000,0,0.000,0.000,NO BLACK,NO BUNDLE,0,0,0,,,,0,1,1,1,0.945000,0.942412,524,209,0.451277,STAND LOCKED,,,,,,,,,,
572,19.066667,31.146,20.844,0,0,0,0.000000,0.000000,0.000000,0.000000,0.000000,0,0.000,0.000,NO BLACK,NO BUNDLE,0,0,0,,,,0,1,1,1,0.939002,0.816448,588,296,0.334464,STAND LOCKED,,,,,,,,,,
573,19.100000,35.208,21.659,0,0,0,0.000000,0.000000,0.000000,0.000000,0.000000,0,0.000,0.000,NO BLACK,NO BUNDLE,0,0,0,,,,0,1,1,1,0.939002,0.816448,588,296,0.334464,STAND LOCKED,,,,,,,,,,
574,19.133333,33.045,20.816,0,0,0,0.000000,0.000000,0.000000,0.000000,0.000000,0,0.000,0.000,NO BLACK,NO BUNDLE,0,0,0,,,,0,1,1,1,0.790803,0.898321,593,271,0.312453,STAND LOCKED,,,,,,,,,,
575,19.166667,34.369,21.578,0,0,0,0.000000,0.000000,0.000000,0.000000,0.000000,0,0.000,0.000,NO BLACK,NO BUNDLE,0,0,0,,,,0,1,1,1,0.790803,0.898321,593,271,0.312453,STAND LOCKED,,,,,,,,,,
576,19.200000,31.839,20.721,0,0,0,0.000000,0.000000,0.000000,0.000000,0.000000,0,0.000,0.000,NO BLACK,NO BUNDLE,0,0,0,,,,0,1,1,1,0.945000,0.916545,540,230,0.346090,STAND LOCKED,,,,,,,,,,
577,19.233333,33.108,21.683,0,0,3,0.000000,0.000000,0.718726,0.000000,0.000000,0,0.000,0.000,NO BLACK,NO BUNDLE,0,0,0,,,,0,1,1,1,0.945000,0.916545,540,230,0.346090,STAND LOCKED,,,,,,,,,,
578,19.266667,29.653,20.706,0,0,0,0.000000,0.000000,0.000000,0.000000,0.000000,0,0.000,0.000,NO BLACK,NO BUNDLE,0,0,0,,,,0,1,1,1,0.830489,0.950066,589,163,0.301643,STAND LOCKED,,,,,,,,,,
579,19.300000,31.893,21.865,0,0,0,0.000000,0.000000,0.000000,0.000000,0.000000,0,0.000,0.000,NO BLACK,NO BUNDLE,0,0,0,,,,0,1,1,1,0.830489,0.950066,589,163,0.301643,STAND LOCKED,,,,,,,,,,
580,19.333333,31.761,21.009,0,0,21,0.000000,0.000000,0.760614,0.000000,0.000000,0,0.000,0.000,NO BLACK,NO BUNDLE,0,0,0,,,,0,1,1,1,0.813560,0.962522,622,216,0.302267,STAND LOCKED,,,,,,,,,,
581,19.366667,33.834,21.918,0,0,0,0.000000,0.000000,0.000000,0.000000,0.000000,0,0.000,0.000,NO BLACK,NO BUNDLE,0,0,0,,,,0,1,1,1,0.813560,0.962522,622,216,0.302267,STAND LOCKED,,,,,,,,,,
582,19.400000,32.815,20.604,0,0,0,0.000000,0.000000,0.000000,0.000000,0.000000,0,0.000,0.000,NO BLACK,NO BUNDLE,0,0,0,,,,0,1,1,0,0.813560,0.962522,622,216,0.302267,STAND TARGET JUMP REJECTED,,,,,,,,,,
583,19.433333,35.475,21.295,0,0,0,0.000000,0.000000,0.000000,0.000000,0.000000,0,0.000,0.000,NO BLACK,NO BUNDLE,0,0,0,,,,0,1,1,0,0.813560,0.962522,622,216,0.302267,STAND TARGET JUMP REJECTED,,,,,,,,,,
584,19.466667,29.959,20.354,19,0,0,0.713595,0.000000,0.000000,0.000000,0.000000,0,0.000,0.000,NO BLACK,NO BUNDLE,0,0,0,,,,0,1,1,1,0.945000,0.978887,676,215,0.454562,STAND LOCKED,,,,,,,,,,
585,19.500000,35.052,21.155,0,0,0,0.000000,0.000000,0.000000,0.000000,0.000000,0,0.000,0.000,NO BLACK,NO BUNDLE,0,0,0,,,,0,1,1,1,0.945000,0.978887,676,215,0.454562,STAND LOCKED,,,,,,,,,,
586,19.533333,31.792,20.059,2,0,0,0.706815,0.000000,0.000000,0.000000,0.000000,0,0.000,0.000,NO BLACK,NO BUNDLE,0,0,0,,,,0,1,1,0,0.945000,0.978887,676,215,0.454562,STAND TEMPORARILY LOST (1),,,,,,,,,,
587,19.566667,32.718,21.323,0,0,0,0.000000,0.000000,0.000000,0.000000,0.000000,0,0.000,0.000,NO BLACK,NO BUNDLE,0,0,0,,,,0,1,1,0,0.945000,0.978887,676,215,0.454562,STAND TEMPORARILY LOST (1),,,,,,,,,,
588,19.600000,31.386,20.238,0,0,0,0.000000,0.000000,0.000000,0.000000,0.000000,0,0.000,0.000,NO BLACK,NO BUNDLE,0,0,0,,,,0,1,1,1,0.938077,0.968257,729,219,0.542192,STAND LOCKED,,,,,,,,,,
589,19.633333,32.047,21.542,0,0,0,0.000000,0.000000,0.000000,0.000000,0.000000,0,0.000,0.000,NO BLACK,NO BUNDLE,0,0,0,,,,0,1,1,1,0.938077,0.968257,729,219,0.542192,STAND LOCKED,,,,,,,,,,
590,19.666667,31.954,20.234,0,0,0,0.000000,0.000000,0.000000,0.000000,0.000000,0,0.000,0.000,NO BLACK,NO BUNDLE,0,0,0,,,,0,1,1,1,1.000000,0.963108,745,242,0.632042,STAND LOCKED,,,,,,,,,,
591,19.700000,32.810,21.230,0,0,0,0.000000,0.000000,0.000000,0.000000,0.000000,0,0.000,0.000,NO BLACK,NO BUNDLE,0,0,0,,,,0,1,1,1,1.000000,0.963108,745,242,0.632042,STAND LOCKED,,,,,,,,,,
592,19.733333,35.420,19.746,0,0,0,0.000000,0.000000,0.000000,0.000000,0.000000,0,0.000,0.000,NO BLACK,NO BUNDLE,0,0,0,,,,0,1,1,1,0.945000,0.870524,731,270,0.725947,STAND LOCKED,,,,,,,,,,
593,19.766667,35.787,20.617,0,0,0,0.000000,0.000000,0.000000,0.000000,0.000000,0,0.000,0.000,NO BLACK,NO BUNDLE,0,0,0,,,,0,1,1,1,0.945000,0.870524,731,270,0.725947,STAND LOCKED,,,,,,,,,,
594,19.800000,32.268,19.554,0,0,0,0.000000,0.000000,0.000000,0.000000,0.000000,0,0.000,0.000,NO BLACK,NO BUNDLE,0,0,0,,,,0,1,1,1,0.945000,0.797052,691,304,0.825495,STAND LOCKED,,,,,,,,,,
595,19.833333,33.143,20.828,0,0,0,0.000000,0.000000,0.000000,0.000000,0.000000,0,0.000,0.000,NO BLACK,NO BUNDLE,0,0,0,,,,0,1,1,1,0.945000,0.797052,691,304,0.825495,STAND LOCKED,,,,,,,,,,
596,19.866667,34.838,19.796,27,0,17,0.716735,0.000000,0.759517,0.000000,0.000000,0,0.000,0.000,NO BLACK,NO BUNDLE,0,0,0,,,,0,1,1,1,0.912115,0.778276,793,327,0.695362,STAND LOCKED,,,,,,,,,,
597,19.900000,32.904,20.959,3,0,128,0.715358,0.000000,0.855273,0.000000,0.000000,0,0.000,0.000,NO BLACK,NO BUNDLE,0,0,0,,,,0,1,1,1,0.912115,0.778276,793,327,0.695362,STAND LOCKED,,,,,,,,,,
598,19.933333,32.666,19.877,0,0,0,0.000000,0.000000,0.000000,0.000000,0.000000,0,0.000,0.000,NO BLACK,NO BUNDLE,0,0,0,,,,0,1,1,1,0.945000,0.836665,799,309,0.674232,STAND LOCKED,,,,,,,,,,
599,19.966667,34.950,20.757,0,0,0,0.000000,0.000000,0.000000,0.000000,0.000000,0,0.000,0.000,NO BLACK,NO BUNDLE,0,0,0,,,,0,1,1,1,0.945000,0.836665,799,309,0.674232,STAND LOCKED,,,,,,,,,,
600,20.000000,33.325,19.869,0,83,0,0.000000,0.625303,0.000000,0.000000,0.000000,0,0.000,0.000,NO BLACK,NO BUNDLE,0,0,0,,,,0,1,1,0,0.945000,0.836665,799,309,0.674232,STAND TARGET JUMP REJECTED,,,,,,,,,,
601,20.033333,33.412,20.982,0,0,0,0.000000,0.000000,0.000000,0.000000,0.000000,0,0.000,0.000,NO BLACK,NO BUNDLE,0,0,0,,,,0,1,1,0,0.945000,0.836665,799,309,0.674232,STAND TARGET JUMP REJECTED,,,,,,,,,,
602,20.066667,29.459,20.235,0,0,0,0.000000,0.000000,0.000000,0.000000,0.000000,0,0.000,0.000,NO BLACK,NO BUNDLE,0,0,0,,,,0,1,1,0,0.945000,0.836665,799,309,0.674232,STAND TARGET JUMP REJECTED,,,,,,,,,,
603,20.100000,36.130,21.081,0,0,0,0.000000,0.000000,0.000000,0.000000,0.000000,0,0.000,0.000,NO BLACK,NO BUNDLE,0,0,0,,,,0,1,1,0,0.945000,0.836665,799,309,0.674232,STAND TARGET JUMP REJECTED,,,,,,,,,,
604,20.133333,30.977,19.592,7,0,0,0.713458,0.000000,0.000000,0.000000,0.000000,0,0.000,0.000,NO BLACK,NO BUNDLE,0,0,0,,,,0,1,1,0,0.945000,0.836665,799,309,0.674232,STAND TARGET JUMP REJECTED,,,,,,,,,,
605,20.166667,30.959,21.099,119,0,0,0.798563,0.000000,0.000000,0.000000,0.000000,0,0.000,0.000,NO BLACK,NO BUNDLE,0,0,0,,,,0,1,1,0,0.945000,0.836665,799,309,0.674232,STAND TARGET JUMP REJECTED,,,,,,,,,,
606,20.200000,30.845,19.484,0,0,0,0.000000,0.000000,0.000000,0.000000,0.000000,0,0.000,0.000,NO BLACK,NO BUNDLE,0,0,0,,,,0,0,0,0,0.000000,0.000000,,,,WEAK STAND GEOMETRY,,,,,,,,,,
607,20.233333,33.060,18.818,778,0,0,0.792147,0.000000,0.000000,0.000000,0.000000,0,0.000,0.000,NO LASHING,NO BUNDLE,0,0,0,,,,0,0,0,0,0.000000,0.000000,,,,WEAK STAND GEOMETRY,,,,,,,,,,
608,20.266667,31.781,18.170,328,0,0,0.788125,0.000000,0.000000,0.000000,0.000000,0,0.000,0.000,NO LASHING,NO BUNDLE,0,0,0,,,,0,1,0,1,0.817074,0.711160,607,92,0.247222,ACQUIRING STAND 1/4,,,,,,,,,,
609,20.300000,35.724,19.276,679,0,0,0.763687,0.000000,0.000000,0.000000,0.000000,0,0.000,0.000,NO LASHING,NO BUNDLE,0,0,0,,,,0,1,0,1,0.817074,0.711160,607,92,0.247222,ACQUIRING STAND 1/4,,,,,,,,,,
610,20.333333,33.592,18.347,79,0,0,0.769266,0.000000,0.000000,0.000000,0.000000,0,0.000,0.000,NO BLACK,NO BUNDLE,0,0,0,,,,0,1,0,0,0.817074,0.711160,607,92,0.247222,STAND TEMPORARILY LOST (1),,,,,,,,,,
611,20.366667,35.145,19.427,0,0,0,0.000000,0.000000,0.000000,0.000000,0.000000,0,0.000,0.000,NO BLACK,NO BUNDLE,0,0,0,,,,0,1,0,0,0.817074,0.711160,607,92,0.247222,STAND TEMPORARILY LOST (1),,,,,,,,,,
612,20.400000,30.743,18.490,316,0,30,0.766106,0.000000,0.752672,0.000000,0.000000,0,0.000,0.000,NO LASHING,NO BUNDLE,0,0,0,,,,0,1,0,0,0.817074,0.711160,607,92,0.247222,STAND TEMPORARILY LOST (2),,,,,,,,,,
613,20.433333,31.115,20.022,66,0,13,0.721655,0.000000,0.704433,0.000000,0.000000,0,0.000,0.000,NO BLACK,NO BUNDLE,0,0,0,,,,0,1,0,0,0.817074,0.711160,607,92,0.247222,STAND TEMPORARILY LOST (2),,,,,,,,,,
614,20.466667,31.687,18.898,0,0,0,0.000000,0.000000,0.000000,0.000000,0.000000,0,0.000,0.000,NO BLACK,NO BUNDLE,0,0,0,,,,0,1,0,0,0.817074,0.711160,607,92,0.247222,STAND TEMPORARILY LOST (3),,,,,,,,,,
615,20.500000,32.071,20.358,0,0,0,0.000000,0.000000,0.000000,0.000000,0.000000,0,0.000,0.000,NO BLACK,NO BUNDLE,0,0,0,,,,0,1,0,0,0.817074,0.711160,607,92,0.247222,STAND TEMPORARILY LOST (3),,,,,,,,,,
616,20.533333,33.639,19.065,0,0,0,0.000000,0.000000,0.000000,0.000000,0.000000,0,0.000,0.000,NO BLACK,NO BUNDLE,0,0,0,,,,0,0,0,0,0.000000,0.000000,,,,NEED TWO DARK RAILS AND AN UPRIGHT,,,,,,,,,,
617,20.566667,29.396,17.998,0,0,0,0.000000,0.000000,0.000000,0.000000,0.000000,0,0.000,0.000,NO BLACK,NO BUNDLE,0,0,0,,,,0,0,0,0,0.000000,0.000000,,,,NEED TWO DARK RAILS AND AN UPRIGHT,,,,,,,,,,
618,20.600000,31.224,16.990,0,0,0,0.000000,0.000000,0.000000,0.000000,0.000000,0,0.000,0.000,NO BLACK,NO BUNDLE,0,0,0,,,,0,0,0,0,0.000000,0.000000,,,,NEED TWO DARK RAILS AND AN UPRIGHT,,,,,,,,,,
619,20.633333,32.976,16.168,0,0,0,0.000000,0.000000,0.000000,0.000000,0.000000,0,0.000,0.000,NO BLACK,NO BUNDLE,0,0,0,,,,0,0,0,0,0.000000,0.000000,,,,NEED TWO DARK RAILS AND AN UPRIGHT,,,,,,,,,,
620,20.666667,33.520,15.409,0,0,0,0.000000,0.000000,0.000000,0.000000,0.000000,0,0.000,0.000,NO BLACK,NO BUNDLE,0,0,0,,,,0,0,0,0,0.000000,0.000000,,,,NEED TWO DARK RAILS AND AN UPRIGHT,,,,,,,,,,
621,20.700000,32.520,14.838,0,0,0,0.000000,0.000000,0.000000,0.000000,0.000000,0,0.000,0.000,NO BLACK,NO BUNDLE,0,0,0,,,,0,0,0,0,0.000000,0.000000,,,,NEED TWO DARK RAILS AND AN UPRIGHT,,,,,,,,,,
622,20.733333,32.876,14.309,0,0,0,0.000000,0.000000,0.000000,0.000000,0.000000,0,0.000,0.000,NO BLACK,NO BUNDLE,0,0,0,,,,0,0,0,0,0.000000,0.000000,,,,NEED TWO DARK RAILS AND AN UPRIGHT,,,,,,,,,,
623,20.766667,30.139,13.934,0,0,0,0.000000,0.000000,0.000000,0.000000,0.000000,0,0.000,0.000,NO BLACK,NO BUNDLE,0,0,0,,,,0,0,0,0,0.000000,0.000000,,,,NEED TWO DARK RAILS AND AN UPRIGHT,,,,,,,,,,
624,20.800000,29.540,13.569,197,0,0,0.756624,0.000000,0.000000,0.000000,0.000000,0,0.000,0.000,NO BLACK,NO BUNDLE,0,0,0,,,,0,0,0,0,0.000000,0.000000,,,,NEED TWO DARK RAILS AND AN UPRIGHT,,,,,,,,,,
625,20.833333,29.173,13.331,0,0,0,0.000000,0.000000,0.000000,0.000000,0.000000,0,0.000,0.000,NO BLACK,NO BUNDLE,0,0,0,,,,0,0,0,0,0.000000,0.000000,,,,NEED TWO DARK RAILS AND AN UPRIGHT,,,,,,,,,,
626,20.866667,29.321,13.078,17,0,0,0.711407,0.000000,0.000000,0.000000,0.000000,0,0.000,0.000,NO BLACK,NO BUNDLE,0,0,0,,,,0,0,0,0,0.000000,0.000000,,,,NEED TWO DARK RAILS AND AN UPRIGHT,,,,,,,,,,
627,20.900000,31.769,12.838,177,0,0,0.758270,0.000000,0.000000,0.000000,0.000000,0,0.000,0.000,NO BLACK,NO BUNDLE,0,0,0,,,,0,0,0,0,0.000000,0.000000,,,,NEED TWO DARK RAILS AND AN UPRIGHT,,,,,,,,,,
628,20.933333,31.366,12.659,0,0,0,0.000000,0.000000,0.000000,0.000000,0.000000,0,0.000,0.000,NO BLACK,NO BUNDLE,0,0,0,,,,0,0,0,0,0.000000,0.000000,,,,NEED TWO DARK RAILS AND AN UPRIGHT,,,,,,,,,,
629,20.966667,34.898,12.401,43,0,0,0.721090,0.000000,0.000000,0.000000,0.000000,0,0.000,0.000,NO BLACK,NO BUNDLE,0,0,0,,,,0,0,0,0,0.000000,0.000000,,,,NEED TWO DARK RAILS AND AN UPRIGHT,,,,,,,,,,
630,21.000000,31.150,12.302,0,0,0,0.000000,0.000000,0.000000,0.000000,0.000000,0,0.000,0.000,NO BLACK,NO BUNDLE,0,0,0,,,,0,1,0,1,0.702222,0.840773,638,44,0.120833,ACQUIRING STAND 1/4,,,,,,,,,,
631,21.033333,32.897,14.647,0,0,0,0.000000,0.000000,0.000000,0.000000,0.000000,0,0.000,0.000,NO BLACK,NO BUNDLE,0,0,0,,,,0,1,0,1,0.702222,0.840773,638,44,0.120833,ACQUIRING STAND 1/4,,,,,,,,,,
632,21.066667,28.260,14.183,0,0,0,0.000000,0.000000,0.000000,0.000000,0.000000,0,0.000,0.000,NO BLACK,NO BUNDLE,0,0,0,,,,0,1,0,0,0.702222,0.840773,638,44,0.120833,STAND TEMPORARILY LOST (1),,,,,,,,,,
633,21.100000,32.297,16.235,0,0,0,0.000000,0.000000,0.000000,0.000000,0.000000,0,0.000,0.000,NO BLACK,NO BUNDLE,0,0,0,,,,0,1,0,0,0.702222,0.840773,638,44,0.120833,STAND TEMPORARILY LOST (1),,,,,,,,,,
634,21.133333,34.024,15.487,0,0,0,0.000000,0.000000,0.000000,0.000000,0.000000,0,0.000,0.000,NO BLACK,NO BUNDLE,0,0,0,,,,0,1,0,0,0.702222,0.840773,638,44,0.120833,STAND TEMPORARILY LOST (2),,,,,,,,,,
635,21.166667,31.184,17.592,0,0,0,0.000000,0.000000,0.000000,0.000000,0.000000,0,0.000,0.000,NO BLACK,NO BUNDLE,0,0,0,,,,0,1,0,0,0.702222,0.840773,638,44,0.120833,STAND TEMPORARILY LOST (2),,,,,,,,,,
636,21.200000,34.069,16.591,0,0,0,0.000000,0.000000,0.000000,0.000000,0.000000,0,0.000,0.000,NO BLACK,NO BUNDLE,0,0,0,,,,0,1,0,0,0.702222,0.840773,638,44,0.120833,STAND TEMPORARILY LOST (3),,,,,,,,,,
637,21.233333,31.553,18.481,0,0,0,0.000000,0.000000,0.000000,0.000000,0.000000,0,0.000,0.000,NO BLACK,NO BUNDLE,0,0,0,,,,0,1,0,0,0.702222,0.840773,638,44,0.120833,STAND TEMPORARILY LOST (3),,,,,,,,,,
638,21.266667,30.605,17.410,0,0,0,0.000000,0.000000,0.000000,0.000000,0.000000,0,0.000,0.000,NO BLACK,NO BUNDLE,0,0,0,,,,0,0,0,0,0.000000,0.000000,,,,NEED TWO DARK RAILS AND AN UPRIGHT,,,,,,,,,,
639,21.300000,36.026,16.427,0,0,0,0.000000,0.000000,0.000000,0.000000,0.000000,0,0.000,0.000,NO BLACK,NO BUNDLE,0,0,0,,,,0,0,0,0,0.000000,0.000000,,,,NEED TWO DARK RAILS AND AN UPRIGHT,,,,,,,,,,
640,21.333333,34.272,15.483,0,0,0,0.000000,0.000000,0.000000,0.000000,0.000000,0,0.000,0.000,NO BLACK,NO BUNDLE,0,0,0,,,,0,0,0,0,0.000000,0.000000,,,,NEED TWO DARK RAILS AND AN UPRIGHT,,,,,,,,,,
641,21.366667,32.409,14.874,0,0,0,0.000000,0.000000,0.000000,0.000000,0.000000,0,0.000,0.000,NO BLACK,NO BUNDLE,0,0,0,,,,0,0,0,0,0.000000,0.000000,,,,NEED TWO DARK RAILS AND AN UPRIGHT,,,,,,,,,,
642,21.400000,35.783,14.264,0,0,0,0.000000,0.000000,0.000000,0.000000,0.000000,0,0.000,0.000,NO BLACK,NO BUNDLE,0,0,0,,,,0,0,0,0,0.000000,0.000000,,,,NEED TWO DARK RAILS AND AN UPRIGHT,,,,,,,,,,
643,21.433333,32.381,13.833,0,0,0,0.000000,0.000000,0.000000,0.000000,0.000000,0,0.000,0.000,NO BLACK,NO BUNDLE,0,0,0,,,,0,0,0,0,0.000000,0.000000,,,,NEED TWO DARK RAILS AND AN UPRIGHT,,,,,,,,,,
644,21.466667,31.878,13.469,20,0,0,0.714503,0.000000,0.000000,0.000000,0.000000,0,0.000,0.000,NO BLACK,NO BUNDLE,0,0,0,,,,0,1,0,1,0.705938,0.830069,570,48,0.109722,ACQUIRING STAND 1/4,,,,,,,,,,
645,21.500000,34.981,15.344,0,0,0,0.000000,0.000000,0.000000,0.000000,0.000000,0,0.000,0.000,NO BLACK,NO BUNDLE,0,0,0,,,,0,1,0,1,0.705938,0.830069,570,48,0.109722,ACQUIRING STAND 1/4,,,,,,,,,,
646,21.533333,32.330,14.684,0,0,0,0.000000,0.000000,0.000000,0.000000,0.000000,0,0.000,0.000,NO BLACK,NO BUNDLE,0,0,0,,,,0,1,0,0,0.705938,0.830069,570,48,0.109722,STAND TEMPORARILY LOST (1),,,,,,,,,,
647,21.566667,32.907,16.621,15,0,0,0.708947,0.000000,0.000000,0.000000,0.000000,0,0.000,0.000,NO BLACK,NO BUNDLE,0,0,0,,,,0,1,0,0,0.705938,0.830069,570,48,0.109722,STAND TEMPORARILY LOST (1),,,,,,,,,,
648,21.600000,31.733,15.822,0,0,0,0.000000,0.000000,0.000000,0.000000,0.000000,0,0.000,0.000,NO BLACK,NO BUNDLE,0,0,0,,,,0,1,0,1,0.760878,0.837274,568,52,0.130347,ACQUIRING STAND 1/4,,,,,,,,,,
649,21.633333,31.697,17.814,0,0,0,0.000000,0.000000,0.000000,0.000000,0.000000,0,0.000,0.000,NO BLACK,NO BUNDLE,0,0,0,,,,0,1,0,1,0.760878,0.837274,568,52,0.130347,ACQUIRING STAND 1/4,,,,,,,,,,
650,21.666667,28.538,16.881,0,0,0,0.000000,0.000000,0.000000,0.000000,0.000000,0,0.000,0.000,NO BLACK,NO BUNDLE,0,0,0,,,,0,1,0,0,0.760878,0.837274,568,52,0.130347,STAND TEMPORARILY LOST (1),,,,,,,,,,
651,21.700000,34.733,18.369,0,0,0,0.000000,0.000000,0.000000,0.000000,0.000000,0,0.000,0.000,NO BLACK,NO BUNDLE,0,0,0,,,,0,1,0,0,0.760878,0.837274,568,52,0.130347,STAND TEMPORARILY LOST (1),,,,,,,,,,
652,21.733333,31.329,17.376,0,0,0,0.000000,0.000000,0.000000,0.000000,0.000000,0,0.000,0.000,NO BLACK,NO BUNDLE,0,0,0,,,,0,1,0,0,0.760878,0.837274,568,52,0.130347,STAND TEMPORARILY LOST (2),,,,,,,,,,
653,21.766667,35.855,18.640,0,0,0,0.000000,0.000000,0.000000,0.000000,0.000000,0,0.000,0.000,NO BLACK,NO BUNDLE,0,0,0,,,,0,1,0,0,0.760878,0.837274,568,52,0.130347,STAND TEMPORARILY LOST (2),,,,,,,,,,
654,21.800000,30.046,17.554,10,0,0,0.704971,0.000000,0.000000,0.000000,0.000000,0,0.000,0.000,NO BLACK,NO BUNDLE,0,0,0,,,,0,1,0,0,0.760878,0.837274,568,52,0.130347,STAND TEMPORARILY LOST (3),,,,,,,,,,
655,21.833333,35.467,18.790,0,0,0,0.000000,0.000000,0.000000,0.000000,0.000000,0,0.000,0.000,NO BLACK,NO BUNDLE,0,0,0,,,,0,1,0,0,0.760878,0.837274,568,52,0.130347,STAND TEMPORARILY LOST (3),,,,,,,,,,
656,21.866667,31.946,17.665,0,0,0,0.000000,0.000000,0.000000,0.000000,0.000000,0,0.000,0.000,NO BLACK,NO BUNDLE,0,0,0,,,,0,1,0,1,0.655274,0.753501,582,49,0.124351,ACQUIRING STAND 1/4,,,,,,,,,,
657,21.900000,31.876,19.327,0,0,0,0.000000,0.000000,0.000000,0.000000,0.000000,0,0.000,0.000,NO BLACK,NO BUNDLE,0,0,0,,,,0,1,0,1,0.655274,0.753501,582,49,0.124351,ACQUIRING STAND 1/4,,,,,,,,,,
658,21.933333,30.990,18.157,0,0,0,0.000000,0.000000,0.000000,0.000000,0.000000,0,0.000,0.000,NO BLACK,NO BUNDLE,0,0,0,,,,0,1,0,0,0.655274,0.753501,582,49,0.124351,STAND TEMPORARILY LOST (1),,,,,,,,,,
